Archiv: 361 Punkte; |delta| > 200 ppm: 19, 50-200 ppm: 26, <= 50 ppm: 316
Stichprobe: alle 19 mit > 200 ppm, 10 von 26 (50-200 ppm), 8 von 316 (<= 50 ppm), + (246.316, 113.684)
 phi2  phi3  liftoff_x   d_ppm  delta_ppm_N1      R_ppm      Q_ppm    E_ppm  ident_ppm      repro   R_anteil
    0 208.4      74.35   -6815         -6815      -6738     -77.77  0.02824  1.554e-09  2.412e-07     0.9886
208.4     0      74.35   -6773         -6773      -6740     -33.65  0.02824  2.783e-10  2.975e-08      0.995
284.2 303.2      71.22   -6488         -6488      -6520      31.48  0.04694 -1.814e-08  -2.42e-07      1.005
303.2 284.2      71.22   -6450         -6450      -6476      25.36  0.04694 -1.967e-09 -3.696e-07      1.004
170.5 170.5      38.58   -1572         -1572      -1574      2.064 -0.02871  1.539e-08  2.208e-07      1.001
151.6 170.5      37.56   -1155         -1155      -1160      5.157  0.01388  -1.73e-08  3.726e-07      1.004
170.5 151.6      37.39   -1132         -1132      -1136      4.152  0.01388 -2.229e-09  4.193e-08      1.004
246.3  37.9      35.59    1052          1052       1058     -5.415  -0.1211  4.253e-09 -4.384e-07      1.005
303.2 18.95      71.94   981.6         981.6      949.5      32.09  0.05245  8.003e-09   1.93e-07     0.9673
18.95 303.2      71.94   946.6         946.7      948.3     -1.661  0.05245 -9.134e-10  4.049e-07      1.002
18.95 208.4      37.44   879.3         879.3        867      12.21  0.05038 -3.356e-08 -1.823e-07     0.9861
 37.9 265.3      35.42  -862.1        -862.1     -856.2     -5.859 -0.07083 -1.495e-09 -6.484e-08     0.9931
265.3  37.9      35.42  -862.1        -862.1     -856.2     -5.859 -0.07083  -1.88e-09 -6.484e-08     0.9931
189.5 341.1       37.4  -692.2        -692.2     -697.7      5.471 0.007793  4.855e-09  1.709e-07      1.008
189.5     0      38.27   532.7         532.7      533.6    -0.9465 -0.01435 -1.936e-09 -3.996e-07      1.002
341.1 189.5      38.09  -498.5        -498.6     -504.3      5.686 0.007793 -1.171e-08 -2.751e-07      1.011
208.4 322.1      35.71     462           462      448.7      13.33 -0.04879  6.037e-10 -2.444e-07     0.9712
208.4 18.95      37.68  -303.5        -303.4     -309.2      5.694  0.05038  1.751e-09  8.152e-08      1.019
151.6 113.7      36.17   220.2         220.1      211.9      8.239 -0.01584  1.679e-08 -3.797e-07     0.9626
322.1 227.4      75.63  -127.5        -127.5     -141.5      14.03 -0.04455  5.538e-10  6.175e-09       1.11
 37.9 246.3       35.8  -78.41        -78.39     -72.31      -5.96  -0.1211  2.949e-09  1.319e-07     0.9224
265.3 284.2      76.02   67.75         67.68      13.26       54.4  0.02284 -4.584e-09 -4.588e-07     0.1959
322.1 151.6      27.69   64.93            65      66.87     -1.827 -0.04879 -5.134e-09  4.455e-07      1.029
18.95 227.4      75.24  -57.87        -57.87     -2.911     -55.01  0.05462 -2.607e-09  1.293e-08    0.05031
265.3 18.95      44.65  -55.83        -55.82 -1.656e-10     -55.85  0.02835  1.065e-08  7.055e-08  2.966e-12
341.1 246.3       44.6   55.36         55.42 -2.046e-10      55.45 -0.02193  -1.14e-08  4.132e-07 -3.691e-12
246.3 189.5      28.65  -54.89        -54.92 -2.708e-10     -54.86 -0.05843  3.057e-08 -1.725e-07  4.931e-12
113.7 303.2      28.55   54.73         54.78  1.026e-09      54.79 -0.01377  4.528e-08  2.867e-07  1.872e-11
56.84 303.2      75.89   54.42         54.49     0.5486      53.88   0.0606  2.958e-09  4.328e-07    0.01007
322.1 189.5      22.57   38.58          38.6   1.18e-10      38.69 -0.09138 -2.407e-08  1.228e-07  3.057e-12
75.79 265.3       22.4  -36.85        -36.93 -2.817e-11     -36.95  0.02284 -7.305e-08 -4.849e-07  7.629e-13
189.5 132.6      26.71   31.21         31.28     0.1544      31.11  0.01812 -6.798e-09  4.433e-07   0.004935
303.2 227.4      22.38   -26.5        -26.56  7.427e-12     -26.62  0.06278  3.722e-08 -3.505e-07 -2.796e-13
303.2 303.2      76.14  -21.96        -21.89     -12.74     -9.211   0.0606  1.459e-09  4.424e-07     0.5819
56.84 18.95      76.07  -17.09        -17.15       1.35     -18.55  0.05245  4.726e-09 -3.285e-07   -0.07877
 37.9 341.1      76.06   5.959         6.014      1.439       4.63 -0.05488  1.984e-09  3.506e-07     0.2392
227.4 341.1      75.55   5.175         5.209     0.5707      4.584  0.05462  3.847e-09  2.143e-07     0.1096
246.3 113.7          0 -0.1568      -0.08815 -1.753e-11 -8.288e-08 -0.08815 -6.599e-09  4.379e-07  1.989e-10

Reproduktion Archiv-F_mean: max|N1 - F_mean| = 4.85e-07 N (CSV-Rundung 5e-7)
Identitaet N_RK4 - Mg - R - E: max 7.3e-08 ppm
|delta| > 200 ppm (19 Punkte): R/delta min 0.9626, Median 1.0017, max 1.0189; |Q| max 77.8 ppm, Median 5.9
50 < |delta| <= 200 ppm (10 Punkte): |R| > |Q| an 3; |Q| max 55.8, |R| max 141.5 ppm
|delta| <= 50 ppm (9 Punkte): |R| max 12.7, |Q| max 38.7 ppm
|E| max ueber alle 38 Punkte: 0.121 ppm

Kontrolle mit exakten Rasterphasen k*360/19 (nicht 3-stellig gerundet):
  (0.000000, 208.421053): N1 = 6.338891 N gegen Archiv 6.333041 N (Diff +5.85e-03); R = -5864.7 ppm, Q = -33.3 ppm
  (284.210526, 303.157895): N1 = 6.335041 N gegen Archiv 6.335128 N (Diff -8.73e-05); R = -6526.9 ppm, Q = 25.0 ppm
  (0.000000, 18.947368): N1 = 6.376509 N gegen Archiv 6.376413 N (Diff +9.62e-05); R = 0.8 ppm, Q = 0.7 ppm

E an Kontaktpunkten (nur Profil): (246.316, 113.684): -0.088 ppm; K1 (110, 234): 0.029 ppm; (120, 240): 7.7e-10 ppm
CSV-Rundung 1e-6 N = 0.157 ppm
Laufzeit 51 s
