punkt  start    loeser    lam     skew    Fmin   Fmax  dF_left_ppm  dF_rk4_ppm       R_ppm  lam_5_15  dF_left_5_15  Fmax_5_15  per_streng  per_locker  t_einschw_streng  t_einschw_locker
  tri    imp        EL      0 0.066794     NaN 7.4919          NaN -5.5716e-09  1.6014e-10         0   -1.3929e-10     7.4919           1         NaN               1.2               NaN
  tri    imp RK4 25 µs      0 0.066794  5.3304 7.4919    6.179e-09 -1.4111e-10 -6.8183e-11         0    6.2476e-09     7.4919           1           1               0.8               0.1
  tri    imp RK4 50 µs      0 0.066794  5.3304 7.4919   1.0092e-07  5.8147e-10 -9.7969e-11         0    1.0104e-07     7.4919           1           1               0.8               0.1
  tri    orb        EL      0 0.066794     NaN 7.4919          NaN  3.6215e-09 -3.0249e-10         0    1.2536e-09     7.4919           1         NaN                 0               NaN
  tri    orb RK4 25 µs      0 0.066794  5.3304 7.4919    6.179e-09 -1.4111e-10 -6.8183e-11         0    6.2476e-09     7.4919           1           1                 0                 0
  tri    orb RK4 50 µs      0 0.066794  5.3304 7.4919   1.0092e-07  5.8147e-10 -9.7969e-11         0    1.0104e-07     7.4919           1           1                 0                 0
  tri ramp10 RK4 25 µs      0 0.066794  5.3304 7.4919   6.2285e-09 -8.2909e-11  -6.112e-11         0        187.38     9.4715           1           1                10               9.7
  tri ramp10 RK4 50 µs      0 0.066794  5.3304 7.4919   1.0099e-07  6.5532e-10 -9.1054e-11         0         187.2     9.4715           1           1                10               9.7
  tri  ramp2 RK4 25 µs      0 0.066794  5.3304 7.4919   6.1716e-09 -1.4435e-10 -6.7748e-11         0    6.2535e-09     7.4919           1           1                 2               1.9
  tri  ramp2 RK4 50 µs      0 0.066794  5.3304 7.4919   1.0092e-07  5.8022e-10 -9.7601e-11         0      1.01e-07     7.4919           1           1                 2               1.9
  tri    std        EL      0 0.066794     NaN 7.4919          NaN -1.3929e-10  8.8717e-11         0   -1.3929e-10     7.4919           1         NaN               1.2               NaN
  tri    std RK4 25 µs      0 0.066794  5.3304 7.4919    6.179e-09 -1.4111e-10 -6.8183e-11         0    6.2476e-09     7.4919           1           1               0.8               0.2
  tri    std RK4 50 µs      0 0.066794  5.3304 7.4919   1.0092e-07  5.8147e-10 -9.7969e-11         0    1.0104e-07     7.4919           1           1               0.8               0.2
 main    imp        EL      0 -0.27297     NaN 9.4622          NaN -9.7503e-10  1.5926e-10         0    2.3679e-09     9.4622           1         NaN               1.2               NaN
 main    imp RK4 25 µs      0 -0.27297  2.8821 9.4622     0.010149    0.010149 -1.0143e-11         0      0.010149     9.4622           1           1               0.9               0.3
 main    imp RK4 50 µs      0 -0.27297  2.8821 9.4622    -0.011599   -0.011599  -5.531e-11         0     -0.011599     9.4622           1           1               0.9               0.3
 main    orb        EL      0 -0.27297     NaN 9.4622          NaN  1.3929e-10 -1.2265e-10         0    1.3929e-09     9.4622           1         NaN                 0               NaN
 main    orb RK4 25 µs      0 -0.27297  2.8821 9.4622     0.010149    0.010149 -1.0143e-11         0      0.010149     9.4622           1           1                 0                 0
 main    orb RK4 50 µs      0 -0.27297  2.8821 9.4622    -0.011599   -0.011599  -5.531e-11         0     -0.011599     9.4622           1           1                 0                 0
 main ramp10 RK4 25 µs      0 -0.27297  2.8821 9.4622     0.010149    0.010149 -1.0769e-11         0        3.2324     9.6783           1           1              10.4               9.8
 main ramp10 RK4 50 µs      0 -0.27297  2.8821 9.4622    -0.011599   -0.011599  -5.596e-11         0         2.673     9.6783           1           1              10.4               9.8
 main  ramp2 RK4 25 µs      0 -0.27297  2.8821 9.4622     0.010149    0.010149 -1.0391e-11         0      0.010149     9.4622           1           1               2.6               2.1
 main  ramp2 RK4 50 µs      0 -0.27297  2.8821 9.4622    -0.011599   -0.011599 -5.5447e-11         0     -0.011599     9.4622           1           1               2.6               2.1
 main    std        EL      0 -0.27297     NaN 9.4622          NaN -2.6465e-09 -9.0821e-11         0    1.3929e-09     9.4622           1         NaN               1.2               NaN
 main    std RK4 25 µs      0 -0.27297  2.8821 9.4622     0.010149    0.010149 -1.0143e-11         0      0.010149     9.4622           1           1               0.9               0.1
 main    std RK4 50 µs      0 -0.27297  2.8821 9.4622    -0.011599   -0.011599  -5.531e-11         0     -0.011599     9.4622           1           1               0.9               0.1
 edge    imp        EL      0 -0.34409     NaN 10.955          NaN -3.2037e-09  1.0426e-10         0   -4.1787e-10     10.955           1         NaN               1.2               NaN
 edge    imp RK4 25 µs      0 -0.34408 0.76767 10.955    0.0072494   0.0072494 -1.1854e-10         0     0.0072494     10.955           1           1               0.8               0.3
 edge    imp RK4 50 µs      0 -0.34408 0.76769 10.955    -0.057995   -0.057995 -1.3335e-10         0     -0.057995     10.955           1           1               0.8               0.3
 edge    orb        EL      0 -0.34409     NaN 10.955          NaN -1.8108e-09  1.5572e-10         0    6.9645e-10     10.955           1         NaN                 0               NaN
 edge    orb RK4 25 µs      0 -0.34408 0.76767 10.955    0.0072494   0.0072494 -1.1854e-10         0     0.0072494     10.955           1           1                 0                 0
 edge    orb RK4 50 µs      0 -0.34408 0.76769 10.955    -0.057995   -0.057995 -1.3335e-10         0     -0.057995     10.955           1           1                 0                 0
 edge ramp10 RK4 25 µs      0 -0.34408 0.76767 10.955    0.0072494   0.0072494 -1.1187e-10         0       -221.22     10.958           1           1              10.4               9.6
 edge ramp10 RK4 50 µs      0 -0.34408 0.76769 10.955    -0.057995   -0.057995 -1.2606e-10         0       -221.46     10.958           1           1              10.4               9.6
 edge  ramp2 RK4 25 µs      0 -0.34408 0.76767 10.955    0.0072494   0.0072494 -1.1874e-10         0     0.0072494     10.955           1           1               2.7                 2
 edge  ramp2 RK4 50 µs      0 -0.34408 0.76769 10.955    -0.057995   -0.057995  -1.332e-10         0     -0.057995     10.955           1           1               2.7                 2
 edge    std        EL      0 -0.34409     NaN 10.955          NaN  6.8252e-09  1.1759e-10         0   -4.1787e-10     10.955           1         NaN               1.2               NaN
 edge    std RK4 25 µs      0 -0.34408 0.76767 10.955    0.0072494   0.0072494 -1.1854e-10         0     0.0072494     10.955           1           1               0.8               0.3
 edge    std RK4 50 µs      0 -0.34408 0.76769 10.955    -0.057995   -0.057995 -1.3335e-10         0     -0.057995     10.955           1           1               0.8               0.3
  isl    imp        EL 75.815   1.6981     NaN 39.473          NaN  2.2467e-07  -1.667e-09    75.815    -0.0050981     39.473           1         NaN               7.3               NaN
  isl    imp RK4 25 µs 75.814   1.6981       0 39.488       9.0558    -0.21485    -0.22935    75.814        4.0998     39.484          -1           1               NaN               2.7
  isl    imp RK4 50 µs 75.816   1.6981       0 39.499       12.218    -0.16457   -0.048582    75.817       -27.536     39.491          -1           1               NaN               2.8
  isl    orb        EL      0  0.82305     NaN 19.812          NaN   1.184e-08 -5.1352e-11         0   -5.1537e-09     19.812           1         NaN                 0               NaN
  isl    orb RK4 25 µs      0  0.82305 0.36652 19.812     0.014499    0.014499 -1.3751e-10         0      0.014499     19.812           1           1                 0                 0
  isl    orb RK4 50 µs      0  0.82305 0.36652 19.811     -0.11599    -0.11599 -2.2623e-10         0      -0.11599     19.811           1           1                 0                 0
  isl ramp10 RK4 25 µs      0  0.82305 0.36652 19.812     0.014499    0.014499 -1.3683e-10    2.5112        232.53     19.816           1           1              10.4               9.9
  isl ramp10 RK4 50 µs      0  0.82305 0.36652 19.811     -0.11599    -0.11599 -2.2578e-10    2.5115        230.37     19.816           1           1              10.4               9.9
  isl  ramp2 RK4 25 µs      0  0.82305 0.36652 19.812     0.014499    0.014499  -1.379e-10         0      0.014499     19.812           1           1               2.7               2.1
  isl  ramp2 RK4 50 µs      0  0.82305 0.36652 19.811     -0.11599    -0.11599 -2.2581e-10         0      -0.11599     19.811           1           1               2.7               2.1
  isl    std        EL 75.815   1.6981     NaN 39.473          NaN  2.2105e-07 -2.0258e-09    75.815    -0.0021925     39.473           1         NaN                 7               NaN
  isl    std RK4 25 µs 75.814   1.6981       0 39.487        7.936   -0.014582   -0.029081    75.812        28.621     39.486          -1           1               NaN               2.5
  isl    std RK4 50 µs 75.815   1.6981       0 39.495       15.089    0.037333     0.15332    75.816        25.042     39.491          -1           1               NaN               2.5
  hot    imp        EL 75.085    1.658     NaN 38.474          NaN  3.2162e-07 -6.2811e-11     71.49       -5245.5     44.353           1         NaN              12.7               NaN
  hot    imp RK4 25 µs 75.084    1.658       0 38.486      -6.3147   -0.030652   -0.038227    47.753       -5851.1     45.182          -1           1               NaN              15.8
  hot    imp RK4 50 µs 75.092    1.658       0 38.494      -80.081     0.19398     0.16575    69.784       -6179.5      44.64          -1           1               NaN               8.8
  hot ramp10 RK4 25 µs 75.084    1.658       0 38.487      -5.0024    0.028249    0.020673    42.614       -4243.4     44.228          -1           1               NaN              13.8
  hot ramp10 RK4 50 µs 75.091    1.658       0 38.494      -75.948    -0.67009    -0.69833    43.922       -4238.8     43.844          -1           1               NaN              13.6
  hot  ramp2 RK4 25 µs 75.085    1.658       0 38.485      -15.066    0.053166    0.045591    72.757       -5313.3     43.883          -1           1               NaN               7.7
  hot  ramp2 RK4 50 µs 75.092    1.658       0 38.495      -94.425    0.091571    0.063335    75.133       -1026.3     45.572          -1           1               NaN               6.7
  hot    std        EL 75.085    1.658     NaN 38.474          NaN  3.3652e-07 -1.7757e-09    75.085        3.2168     38.489           1         NaN               9.1               NaN
  hot    std RK4 25 µs 75.084    1.658       0 38.486      -7.6293     0.33989     0.33231    75.085       -15.489     38.485          -1           1               NaN               4.5
  hot    std RK4 50 µs 75.092    1.658       0 38.495      -86.163   -0.050062   -0.078298    74.284       -6838.7     44.527          -1           1               NaN               7.4
  syn    imp        EL 75.787   1.7055     NaN 41.107          NaN  1.6993e-08 -1.1223e-08    75.787      -0.11187     41.108           2         NaN               8.3               NaN
  syn    imp RK4 25 µs 75.787   1.7054       0 41.118     -0.50105  0.00014807  0.00014806    75.787       -2.7764     41.117          -1           2               NaN               2.7
  syn    imp RK4 50 µs 75.788   1.7054       0 41.131      -5.8768     0.24339     0.24339    75.788        6.0203     41.127          -1           6               NaN              47.4
  syn ramp10 RK4 25 µs 75.788   1.7054       0 41.118       3.0033     -0.1673     -0.1673    60.114       -3349.7     54.417          -1           2               NaN              11.4
  syn ramp10 RK4 50 µs 75.789   1.7055       0 41.126      -14.759   -0.036834   -0.036834    60.111       -3322.1     54.369          -1           2               NaN                53
  syn  ramp2 RK4 25 µs 75.787   1.7055       0 41.121      -12.382    -0.58367    -0.58367    75.788        2.8226     41.115          -1           2               NaN               3.7
  syn  ramp2 RK4 50 µs 75.789   1.7055       0 41.131      -11.156    -0.46946    -0.46946     75.79       0.13596     41.125          -1           4               NaN              79.3
  syn    std        EL 75.787   1.7055     NaN 41.107          NaN  3.2315e-08  3.3386e-11    75.787    0.00016501     41.107           2         NaN               6.8               NaN
  syn    std RK4 25 µs 75.787   1.7054       0 41.119       3.5928     -0.0534     -0.0534    75.787       0.42358     41.117          -1           2               NaN               2.2
  syn    std RK4 50 µs 75.788   1.7055       0 41.127      -24.957     0.36526     0.36526    75.788       -13.024     41.123          -1           2               NaN              51.2
