paar mitglied      idx  CSV_5_15  stdR_5_15  stdR   std   imp  ramp2  stdshift  vom_Partner  stdR_dt2  EL_std  EL_imp  EL_ramp2  EL_ramp10
  P6        A   (0, 6)     75.59      75.59 75.59 75.59 75.59  18.25     18.20        18.20     75.59   75.59   75.59     18.22      18.22
  P6        B (13, 13)     18.20      18.20 18.20 18.20 75.59  18.20     75.59        75.59     18.23   18.22   75.59     18.22      18.22
 P13        A   (6, 6)     75.70      75.69 75.70 75.70 75.70  75.70     43.65        43.69     75.70   75.70   75.70     75.70      75.70
 P13        B  (13, 0)     43.60      43.70 43.71 43.73 75.70  75.70     75.70        75.70     43.70   43.73   75.70     75.70      75.70
 P49        A   (3, 7)     75.63      75.63 75.63 75.63 75.63  19.05     19.00        19.00     75.63   75.63   75.63     19.03      19.03
 P49        B  (16, 4)     19.00      19.00 19.00 19.00 75.63  19.00     75.63        75.63     19.02   19.03   75.63     19.03      19.03
 P45        A (12, 17)     75.63      75.64 75.63 35.19 75.63  35.09     34.77        34.67     75.63   75.63   75.63     35.32      75.63
 P45        B  (14, 2)     35.42      35.42 35.41 34.77 75.63  34.66     35.19        35.06     75.63   75.63   75.63     35.15      35.66
 P11        A  (0, 11)     74.35      74.28 75.09 75.09 75.09  75.09     75.09        75.09     75.08   75.08   75.08       NaN        NaN
 P11        B   (8, 8)     75.09      75.09 75.09 75.09 75.09  75.09     75.09        75.09     75.08   75.08   75.08       NaN        NaN
 P33        A  (1, 16)     71.94      71.94 71.85 71.85 76.19  76.20     76.19        76.20     71.85   71.86   76.19     76.19      76.19
 P33        B   (3, 4)     76.20      76.19 76.19 76.20 71.85  76.19     71.85        71.84     76.19   76.19   71.86     76.19      76.19
