      name  per_streng  t_einschw_streng  per_locker  t_einschw_locker  lam@eng  lam@50_100  skew@eng  skew@50_100  Fmin@50_100  Fmax@eng  Fmax@50_100  dF_left_ppm@eng  dF_left_ppm@50_100  dF_rk4_ppm@50_100  R_ppm@50_100  lam_block_min  lam_block_max
  P6A_stdR          -1               NaN           1               2.1    75.59       75.59     1.688        1.688            0     39.23        39.24           -7.427               -3.93             0.1557        0.1998          75.59          75.59
   P6A_std          -1               NaN           1               2.1    75.59       75.59     1.688        1.688            0     39.23        39.23           -37.72              -13.05            -0.3303        -0.287          75.59          75.59
   P6A_imp          -1               NaN           1                 2    75.59       75.59     1.688        1.688            0     39.23        39.23            6.114              -2.363            0.06061         0.104          75.59          75.59
 P6A_ramp2           1               2.8           1               2.1    18.25       18.25     1.038        1.038            0     22.11        22.11           -18.96              -18.96           -0.04338    -1.493e-10          18.25          18.25
  P6B_stdR           1               1.3           1               0.5     18.2        18.2     1.038        1.038            0     22.11        22.11            18.78               18.78           -0.08815    -1.498e-10           18.2           18.2
   P6B_std           1               1.3           1               0.5     18.2        18.2     1.038        1.038            0     22.11        22.11            18.78               18.78           -0.08675     6.084e-11           18.2           18.2
   P6B_imp          -1               NaN          -1               NaN    75.59       75.59     1.688        1.688            0     39.23        39.23            5.992               11.66             -6.205        -6.118          75.59          75.59
 P6B_ramp2           1               2.9           1               2.2     18.2        18.2     1.038        1.038            0     22.11        22.11            18.78               18.78           -0.08675     6.067e-11           18.2           18.2
 P13A_stdR          -1               NaN           1               1.9    75.69        75.7     1.691        1.691            0     39.31        39.31            4.207               3.249            -0.3029       -0.2147           75.7           75.7
  P13A_std          -1               NaN           1               1.9     75.7        75.7     1.691        1.691            0     39.31        39.32            4.259               7.382             0.2053         0.292           75.7           75.7
  P13A_imp          -1               NaN           1               1.8     75.7        75.7     1.691        1.691            0     39.31        39.32           -11.01               19.44               0.79        0.8767           75.7           75.7
P13A_ramp2          -1               NaN           1                 4     75.7        75.7     1.691        1.691            0     39.31        39.32            63.48               2.043             -0.636       -0.5492           75.7           75.7
 P13B_stdR          -1               NaN          -1               NaN     43.7       43.71     0.636        0.636            0     21.78        21.81           -15.12               2.711               3.04         3.085          43.62          43.75
  P13B_std          -1               NaN          -1               NaN    43.75       43.73    0.6369       0.6364            0     21.77        21.81           0.4359              -4.049             -3.508        -3.464          43.57          43.87
  P13B_imp          -1               NaN           1               2.4     75.7        75.7     1.691        1.691            0     39.31        39.31            80.03               15.21             0.2264        0.2698           75.7           75.7
P13B_ramp2          -1               NaN           1               4.1     75.7        75.7     1.691        1.691            0     39.31        39.32             35.7               7.994            0.01534       0.05872           75.7           75.7
 P49A_stdR          -1               NaN           1               2.5    75.63       75.63     1.689        1.689            0     39.25        39.25            22.09               3.344            -0.1354       -0.1982          75.63          75.63
  P49A_std          -1               NaN           1               2.5    75.63       75.63     1.689        1.689            0     39.25        39.26            6.928               20.03             0.1122       0.04934          75.63          75.64
  P49A_imp          -1               NaN           1               2.5    75.63       75.63     1.689        1.689            0     39.25        39.25           0.0943               10.25            -0.5644       -0.6272          75.63          75.64
P49A_ramp2           1               2.8           1               2.1    19.05       19.05    0.7376       0.7376            0     18.41        18.41           -18.23              -18.23            0.06289    -1.838e-10          19.05          19.05
 P49B_stdR           1               1.4           1               0.6       19          19    0.7377       0.7377            0     18.41        18.41            18.43               18.43            0.04694      2.49e-11             19             19
  P49B_std           1               1.4           1               0.6       19          19    0.7377       0.7377            0     18.41        18.41            18.43               18.43            0.04771    -1.381e-11             19             19
  P49B_imp          -1               NaN           1               2.5    75.63       75.63     1.689        1.689            0     39.25        39.26            19.34              -13.12             0.7143        0.6666          75.63          75.64
P49B_ramp2           1                 3           1               2.1       19          19    0.7377       0.7377            0     18.41        18.41            18.43               18.43            0.04771    -1.494e-11             19             19
 P45A_stdR          -1               NaN          -1               NaN    75.64       75.63     1.687        1.687            0     39.33        39.22           -162.9                10.1             0.0198       0.06435          75.63          75.63
  P45A_std          30              22.4          30              20.7    35.71       35.19    0.9399       0.9373            0     25.33        25.31           -64.62              -106.3             -123.7        -123.7          34.73          35.41
  P45A_imp          -1               NaN          -1               NaN    75.63       75.63     1.687        1.687            0     39.22        39.22            7.842               5.567              1.186         1.232          75.62          75.63
P45A_ramp2          30              10.9          30               9.2    35.47       35.09    0.9377       0.9363            0     25.33        25.31           -457.6               34.31              17.49         17.54          34.84          35.27
 P45B_stdR          -1               NaN          33              12.8    35.42       35.41     0.937       0.9373            0     25.33        25.33           -862.1              -243.4             -247.9        -247.9          35.09          35.65
  P45B_std           3               9.2           3                 6    35.06       34.77    0.9361       0.9351            0     25.31        25.13             1252               53.55              107.7         107.7          34.35          34.91
  P45B_imp          -1               NaN           1               2.2    75.63       75.63     1.687        1.687            0     39.21        39.22           -16.43               9.187            -0.4078       -0.3362          75.62          75.63
P45B_ramp2           3              21.3           3              18.1    36.37       34.66    0.9306        0.935            0     25.85        25.13            166.8               91.31              145.9           146          34.35          34.91
 P11A_stdR          -1               NaN           1               7.4    74.28       75.09      1.67        1.658            0     44.53        38.49            -6839              -86.16           -0.05006       -0.0783          75.09          75.09
  P11A_std          -1               NaN           1              16.6    44.68       75.09    0.9991        1.658            0     44.85        38.49            -5251              -51.23            -0.2763       -0.3045          75.09          75.09
  P11A_imp          -1               NaN           1               4.6    75.09       75.09     1.658        1.658            0     38.49         38.5           -42.98              -75.74            -0.4726       -0.5008          75.09          75.09
P11A_ramp2          -1               NaN           1               8.3    71.49       75.09     1.677        1.658            0     45.61         38.5            -6438              -76.25            -0.1736       -0.2018          75.09           75.1
 P11B_stdR          -1               NaN           1               5.3    75.09       75.09     1.658        1.658            0     38.59         38.5             51.3               16.62             -0.299       -0.3555          75.09          75.09
  P11B_std          -1               NaN           1               4.7    75.08       75.09     1.658        1.658            0     38.49         38.5            28.27              -5.788             -0.063       -0.1194          75.08          75.09
  P11B_imp          -1               NaN           1               1.8    75.09       75.09     1.658        1.658            0     38.49         38.5            20.07              -2.791           -0.02227      -0.07866          75.08          75.09
P11B_ramp2          -1               NaN           1               7.6    72.79       75.09     1.666        1.658            0     45.33         38.5             1720               1.979             0.1406       0.08422          75.08          75.09
 P33A_stdR          -1               NaN          -1               NaN    71.94       71.85     1.979        1.975            0     50.55        50.56            951.6               732.8              735.2         735.2          71.72          71.95
  P33A_std          -1               NaN          -1               NaN    71.95       71.85     1.979        1.975            0     50.55        50.55            984.4               743.1              742.1         742.1          71.72          71.94
  P33A_imp          -1               NaN           2               4.2    76.19       76.19     1.718        1.718            0     40.04        40.02            80.58               15.42            -0.1011       -0.1532          76.19           76.2
P33A_ramp2          -1               NaN           2               4.2    76.19        76.2     1.718        1.718            0     40.02        40.02          -0.2581              -2.079             0.6143        0.5623          76.19           76.2
 P33B_stdR          -1               NaN           2               2.2    76.19       76.19     1.718        1.718            0     40.02        40.04           -27.43               4.599          -0.008837      -0.05578          76.19           76.2
  P33B_std          -1               NaN           2               2.3     76.2        76.2     1.718        1.718            0     40.02        40.03           -23.94               -14.7             0.8331        0.7854          76.19           76.2
  P33B_imp          -1               NaN          -1               NaN    71.84       71.85     1.971        1.976            0     50.55        50.55            537.9              -636.2             -633.7        -633.8          71.84          71.89
P33B_ramp2          -1               NaN           2                 4     76.2       76.19     1.718        1.718            0     40.02        40.03           -21.34              -1.145             0.5364        0.4887          76.19           76.2
