         name  per_streng  t_einschw_streng  per_locker  t_einschw_locker  lam@eng  lam@50_100  skew@eng  skew@50_100  Fmin@50_100  Fmax@eng  Fmax@50_100  dF_left_ppm@eng  dF_left_ppm@50_100  dF_rk4_ppm@50_100  R_ppm@50_100  lam_block_min  lam_block_max
 P6B_stdshift          -1               NaN           1               2.1    75.59       75.59     1.688        1.688            0     39.23        39.23           -11.46               2.261           -0.08718       -0.0438          75.59          75.59
 P6A_stdshift           1               1.3           1               0.5     18.2        18.2     1.038        1.038            0     22.11        22.11            18.78               18.78           -0.08675     2.721e-10           18.2           18.2
    P6B_fromA          -1               NaN           1                 0    75.59       75.59     1.688        1.688            0     39.23        39.23          -0.7698             -0.9154             0.6679        0.7113          75.59          75.59
    P6A_fromB           1                 0           1                 0     18.2        18.2     1.038        1.038            0     22.11        22.11            18.78               18.78           -0.08675     4.636e-11           18.2           18.2
P13B_stdshift          -1               NaN           1               1.9     75.7        75.7     1.691        1.691            0     39.31        39.32            3.766               8.224            -0.6972       -0.6104           75.7           75.7
P13A_stdshift          -1               NaN          -1               NaN    43.69       43.65    0.6356       0.6346            0     21.77        21.81            12.24               2.316               1.84         1.883          43.61          43.72
   P13B_fromA          -1               NaN           1                 0     75.7        75.7     1.691        1.691            0     39.31        39.31            17.58               11.22            -0.3046       -0.2178          75.69           75.7
   P13A_fromB          -1               NaN          -1               NaN    43.69       43.69    0.6352       0.6356            0     21.68        21.81           -11.04               4.708              5.316         5.359           43.6          43.82
P49B_stdshift          -1               NaN           1               2.5    75.63       75.63     1.689        1.689            0     39.25        39.25            16.53               19.03           0.001501      -0.06139          75.63          75.64
P49A_stdshift           1               1.4           1               0.6       19          19    0.7377       0.7377            0     18.41        18.41            18.43               18.43            0.04771    -1.426e-11             19             19
   P49B_fromA          -1               NaN           1                 0    75.63       75.63     1.689        1.689            0     39.25        39.26            20.56               1.236             0.3342        0.2713          75.63          75.64
   P49A_fromB           1                 0           1                 0       19          19    0.7377       0.7377            0     18.41        18.41            18.43               18.43            0.04771    -2.116e-11             19             19
P45B_stdshift          30              22.4          30              20.7    35.71       35.19    0.9399       0.9373            0     25.33        25.31           -64.62              -106.3             -123.7        -123.7          34.73          35.41
P45A_stdshift           3               9.2           3                 6    35.06       34.77    0.9361       0.9351            0     25.31        25.13             1252               53.55              107.7         107.7          34.35          34.91
   P45B_fromA          30                 0          30                 0    35.23       35.06    0.9369       0.9363            0     25.31        25.31           -530.9               30.33              14.77         14.81          34.73          35.39
   P45A_fromB           3                 0           3                 0    34.91       34.67    0.9353       0.9351            0     25.13        25.13           -784.4              -308.8             -253.8        -253.7          34.35          34.91
P11B_stdshift          -1               NaN           1              14.4    52.28       75.09     1.465        1.658            0     43.32         38.5            -5843              -77.77           -0.02171      -0.04991          75.09           75.1
P11A_stdshift          -1               NaN           1               4.7    75.09       75.09     1.658        1.658            0      38.5         38.5           -3.149            0.008868              0.683        0.6266          75.08          75.09
   P11B_fromA          -1               NaN           1                 0    75.09       75.09     1.658        1.658            0     38.49         38.5           -92.57              -65.67             0.3843        0.3561          75.09          75.09
   P11A_fromB          -1               NaN           1                 0    75.09       75.09     1.658        1.658            0      38.5         38.5             19.4               11.29             0.2442        0.1878          75.08          75.09
P33B_stdshift          -1               NaN          -1               NaN    71.94       71.85     1.979        1.975            0     50.55        50.56             1008               746.9              736.8         736.7          71.72          71.95
P33A_stdshift          -1               NaN           2               2.3    76.19       76.19     1.718        1.718            0     40.02        40.03            20.03               6.828             0.2771        0.2294          76.19           76.2
   P33B_fromA          -1               NaN          -1               NaN    71.72       71.84     1.968        1.975            0     50.55        50.55             2719              -221.8             -199.1        -199.1          71.72          71.95
   P33A_fromB          -1               NaN           2                 0    76.19        76.2     1.718        1.718            0     40.02        40.04           -44.83              -10.71             0.2688        0.2211           76.2           76.2
