       name  per_streng  t_einschw_streng  per_locker  t_einschw_locker  lam@eng  lam@50_100  skew@eng  skew@50_100  Fmin@50_100  Fmax@eng  Fmax@50_100  dF_left_ppm@eng  dF_left_ppm@50_100  dF_rk4_ppm@50_100  R_ppm@50_100  lam_block_min  lam_block_max
    tri_std           1               0.8           1               0.2        0           0   0.06679      0.06679         5.33     7.492        7.492         1.01e-07           1.009e-07          5.815e-10    -9.797e-11              0              0
    tri_imp           1               0.8           1               0.1        0           0   0.06679      0.06679         5.33     7.492        7.492         1.01e-07           1.009e-07          5.815e-10    -9.797e-11              0              0
  tri_ramp2           1                 2           1               1.9        0           0   0.06679      0.06679         5.33     7.492        7.492         1.01e-07           1.009e-07          5.802e-10     -9.76e-11              0              0
 tri_ramp10           1                10           1               9.7        0           0   0.01323      0.06679         5.33     9.471        7.492            187.2            1.01e-07          6.553e-10    -9.105e-11              0              0
    tri_orb           1                 0           1                 0        0           0   0.06679      0.06679         5.33     7.492        7.492         1.01e-07           1.009e-07          5.815e-10    -9.797e-11              0              0
    syn_std          -1               NaN           2              51.2    75.79       75.79     1.705        1.705            0     41.12        41.13           -13.02              -24.96             0.3653        0.3653          75.79          75.79
    syn_imp          -1               NaN           6              47.4    75.79       75.79     1.705        1.705            0     41.13        41.13             6.02              -5.877             0.2434        0.2434          75.78          75.79
  syn_ramp2          -1               NaN           4              79.3    75.79       75.79     1.705        1.705            0     41.12        41.13            0.136              -11.16            -0.4695       -0.4695          75.79          75.79
 syn_ramp10          -1               NaN           2                53    60.11       75.79     1.899        1.705            0     54.37        41.13            -3322              -14.76           -0.03683      -0.03683          75.78          75.79
    hot_std          -1               NaN           1               7.4    74.28       75.09      1.67        1.658            0     44.53        38.49            -6839              -86.16           -0.05006       -0.0783          75.09          75.09
    hot_imp          -1               NaN           1               8.8    69.78       75.09     1.684        1.658            0     44.64        38.49            -6179              -80.08              0.194        0.1657          75.09          75.09
  hot_ramp2          -1               NaN           1               6.7    75.13       75.09     1.664        1.658            0     45.57        38.49            -1026              -94.42            0.09157       0.06333          75.09          75.09
 hot_ramp10          -1               NaN           1              13.6    43.92       75.09     1.817        1.658            0     43.84        38.49            -4239              -75.95            -0.6701       -0.6983          75.09          75.09
    isl_std          -1               NaN           1               2.5    75.82       75.81     1.698        1.698            0     39.49         39.5            25.04               15.09            0.03733        0.1533          75.81          75.82
    isl_imp          -1               NaN           1               2.8    75.82       75.82     1.698        1.698            0     39.49         39.5           -27.54               12.22            -0.1646      -0.04858          75.81          75.82
  isl_ramp2           1               2.7           1               2.1        0           0     0.823        0.823       0.3665     19.81        19.81           -0.116              -0.116             -0.116    -2.258e-10              0              0
 isl_ramp10           1              10.4           1               9.9    2.511           0    0.8687        0.823       0.3665     19.82        19.81            230.4              -0.116             -0.116    -2.258e-10              0              0
    isl_orb           1                 0           1                 0        0           0     0.823        0.823       0.3665     19.81        19.81           -0.116              -0.116             -0.116    -2.262e-10              0              0
   main_std           1               0.9           1               0.1        0           0    -0.273       -0.273        2.882     9.462        9.462          -0.0116             -0.0116            -0.0116    -5.531e-11              0              0
   main_imp           1               0.9           1               0.3        0           0    -0.273       -0.273        2.882     9.462        9.462          -0.0116             -0.0116            -0.0116    -5.531e-11              0              0
 main_ramp2           1               2.6           1               2.1        0           0    -0.273       -0.273        2.882     9.462        9.462          -0.0116             -0.0116            -0.0116    -5.545e-11              0              0
main_ramp10           1              10.4           1               9.8        0           0   -0.1858       -0.273        2.882     9.678        9.462            2.673             -0.0116            -0.0116    -5.596e-11              0              0
   main_orb           1                 0           1                 0        0           0    -0.273       -0.273        2.882     9.462        9.462          -0.0116             -0.0116            -0.0116    -5.531e-11              0              0
   edge_std           1               0.8           1               0.3        0           0   -0.3441      -0.3441       0.7677     10.95        10.95         -0.05799            -0.05799           -0.05799    -1.333e-10              0              0
   edge_imp           1               0.8           1               0.3        0           0   -0.3441      -0.3441       0.7677     10.95        10.95         -0.05799            -0.05799           -0.05799    -1.333e-10              0              0
 edge_ramp2           1               2.7           1                 2        0           0   -0.3441      -0.3441       0.7677     10.95        10.95         -0.05799            -0.05799           -0.05799    -1.332e-10              0              0
edge_ramp10           1              10.4           1               9.6        0           0   -0.3018      -0.3441       0.7677     10.96        10.95           -221.5            -0.05799           -0.05799    -1.261e-10              0              0
   edge_orb           1                 0           1                 0        0           0   -0.3441      -0.3441       0.7677     10.95        10.95         -0.05799            -0.05799           -0.05799    -1.333e-10              0              0
