       name  per_streng  t_einschw_streng  per_locker  t_einschw_locker  lam@eng  lam@50_100  skew@eng  skew@50_100  Fmin@50_100  Fmax@eng  Fmax@50_100  dF_left_ppm@eng  dF_left_ppm@50_100  dF_rk4_ppm@50_100  R_ppm@50_100  lam_block_min  lam_block_max
    tri_std           1               0.8           1               0.2        0           0   0.06679      0.06679         5.33     7.492        7.492        6.248e-09           6.179e-09         -1.411e-10    -6.818e-11              0              0
    tri_imp           1               0.8           1               0.1        0           0   0.06679      0.06679         5.33     7.492        7.492        6.248e-09           6.179e-09         -1.411e-10    -6.818e-11              0              0
  tri_ramp2           1                 2           1               1.9        0           0   0.06679      0.06679         5.33     7.492        7.492        6.253e-09           6.172e-09         -1.443e-10    -6.775e-11              0              0
 tri_ramp10           1                10           1               9.7        0           0   0.01323      0.06679         5.33     9.471        7.492            187.4           6.228e-09         -8.291e-11    -6.112e-11              0              0
    tri_orb           1                 0           1                 0        0           0   0.06679      0.06679         5.33     7.492        7.492        6.248e-09           6.179e-09         -1.411e-10    -6.818e-11              0              0
    syn_std          -1               NaN           2               2.2    75.79       75.79     1.705        1.705            0     41.12        41.12           0.4236               3.593            -0.0534       -0.0534          75.79          75.79
    syn_imp          -1               NaN           2               2.7    75.79       75.79     1.705        1.705            0     41.12        41.12           -2.776              -0.501          0.0001481     0.0001481          75.79          75.79
  syn_ramp2          -1               NaN           2               3.7    75.79       75.79     1.705        1.705            0     41.11        41.12            2.823              -12.38            -0.5837       -0.5837          75.78          75.79
 syn_ramp10          -1               NaN           2              11.4    60.11       75.79     1.899        1.705            0     54.42        41.12            -3350               3.003            -0.1673       -0.1673          75.79          75.79
    hot_std          -1               NaN           1               4.5    75.08       75.08     1.658        1.658            0     38.48        38.49           -15.49              -7.629             0.3399        0.3323          75.08          75.09
    hot_imp          -1               NaN           1              15.8    47.75       75.08     1.245        1.658            0     45.18        38.49            -5851              -6.315           -0.03065      -0.03823          75.08          75.08
  hot_ramp2          -1               NaN           1               7.7    72.76       75.09     1.673        1.658            0     43.88        38.48            -5313              -15.07            0.05317       0.04559          75.08          75.09
 hot_ramp10          -1               NaN           1              13.8    42.61       75.08     1.823        1.658            0     44.23        38.49            -4243              -5.002            0.02825       0.02067          75.08          75.09
    isl_std          -1               NaN           1               2.5    75.81       75.81     1.698        1.698            0     39.49        39.49            28.62               7.936           -0.01458      -0.02908          75.81          75.82
    isl_imp          -1               NaN           1               2.7    75.81       75.81     1.698        1.698            0     39.48        39.49              4.1               9.056            -0.2148       -0.2293          75.81          75.82
  isl_ramp2           1               2.7           1               2.1        0           0     0.823        0.823       0.3665     19.81        19.81           0.0145              0.0145             0.0145    -1.379e-10              0              0
 isl_ramp10           1              10.4           1               9.9    2.511           0    0.8687        0.823       0.3665     19.82        19.81            232.5              0.0145             0.0145    -1.368e-10              0              0
    isl_orb           1                 0           1                 0        0           0     0.823        0.823       0.3665     19.81        19.81           0.0145              0.0145             0.0145    -1.375e-10              0              0
   main_std           1               0.9           1               0.1        0           0    -0.273       -0.273        2.882     9.462        9.462          0.01015             0.01015            0.01015    -1.014e-11              0              0
   main_imp           1               0.9           1               0.3        0           0    -0.273       -0.273        2.882     9.462        9.462          0.01015             0.01015            0.01015    -1.014e-11              0              0
 main_ramp2           1               2.6           1               2.1        0           0    -0.273       -0.273        2.882     9.462        9.462          0.01015             0.01015            0.01015    -1.039e-11              0              0
main_ramp10           1              10.4           1               9.8        0           0   -0.1858       -0.273        2.882     9.678        9.462            3.232             0.01015            0.01015    -1.077e-11              0              0
   main_orb           1                 0           1                 0        0           0    -0.273       -0.273        2.882     9.462        9.462          0.01015             0.01015            0.01015    -1.014e-11              0              0
   edge_std           1               0.8           1               0.3        0           0   -0.3441      -0.3441       0.7677     10.95        10.95         0.007249            0.007249           0.007249    -1.185e-10              0              0
   edge_imp           1               0.8           1               0.3        0           0   -0.3441      -0.3441       0.7677     10.95        10.95         0.007249            0.007249           0.007249    -1.185e-10              0              0
 edge_ramp2           1               2.7           1                 2        0           0   -0.3441      -0.3441       0.7677     10.95        10.95         0.007249            0.007249           0.007249    -1.187e-10              0              0
edge_ramp10           1              10.4           1               9.6        0           0   -0.3018      -0.3441       0.7677     10.96        10.95           -221.2            0.007249           0.007249    -1.119e-10              0              0
   edge_orb           1                 0           1                 0        0           0   -0.3441      -0.3441       0.7677     10.95        10.95         0.007249            0.007249           0.007249    -1.185e-10              0              0
   P6A_stdR          -1               NaN           1               2.1    75.59       75.59     1.688        1.688            0     39.22        39.22            5.705              -1.123             0.1591        0.1509          75.59          75.59
   P6B_stdR           1               1.3           1               0.5    18.22       18.22     1.038        1.038            0     22.11        22.11            9.445               9.445            0.01624    -1.624e-10          18.22          18.22
  P13A_stdR          -1               NaN           1               1.8     75.7        75.7     1.691        1.691            0      39.3         39.3            31.12             -0.1113            -0.1268        -0.143           75.7           75.7
  P13B_stdR          -1               NaN          -1               NaN    43.62        43.7    0.6342       0.6357            0     21.79        21.81            19.22               2.661              3.327         3.319          43.62          43.77
  P49A_stdR          -1               NaN           1               2.5    75.63       75.63     1.689        1.689            0     39.25        39.25            12.51               8.266           0.004471       0.01346          75.63          75.63
  P49B_stdR           1               1.4           1               0.6    19.02       19.02    0.7376       0.7376            0     18.41        18.41           -9.197              -9.197          -0.004168     4.527e-12          19.02          19.02
  P45A_stdR          -1               NaN           2               5.4    75.63       75.63     1.687        1.687            0     39.22        39.21           -12.72               2.476              1.169         1.162          75.63          75.63
  P45B_stdR          -1               NaN           1               3.9    75.63       75.63     1.687        1.687            0     39.21        39.21            9.734               7.035            0.01089      0.009945          75.63          75.63
  P11A_stdR          -1               NaN           1               4.5    75.08       75.08     1.658        1.658            0     38.48        38.49           -15.49              -7.629             0.3399        0.3323          75.08          75.09
  P11B_stdR          -1               NaN           1               3.5    75.08       75.08     1.658        1.658            0     38.49        38.49            49.16               36.96           -0.02321      -0.03836          75.08          75.08
  P33A_stdR          -1               NaN          -1               NaN    71.94       71.85     1.979        1.975            0     50.54        50.54             1002               740.8              744.5         744.6          71.72          71.94
  P33B_stdR          -1               NaN           1               5.8    76.19       76.19     1.718        1.718            0     40.01        40.01           -16.77               3.531              0.324        0.3282          76.19           76.2
