1168 Zeilen geschrieben; ε_ref = 1.19062
G_einzel          0.333333
G_paar            0.666667
G_synchron             1.0
G_zweiergruppe    0.442057
G_pilot           0.404794
G_schnitt         0.395344
dG                0.154534
dG_bl             0.154534
dG_k3             0.188688
SL                0.015428
SR                0.015426
peak                 120.0
D1                0.148324
D2                0.096283
D3                0.182188
X_synchron             0.0
ζ = 0.02
   rho  G_einzel  G_paar  G_synchron  G_zweiergruppe  G_pilot  G_schnitt     dG  dG_bl  dG_k3     SL     SR     peak     D1     D2     D3  X_synchron
0.0500    0.3554  0.7108      1.0662          0.5105   0.4802     0.4339 0.1720 0.1679 0.1893 0.0211 0.0168 120.0000 0.1487 0.0973 0.1864      1.0662
0.0800    0.3525  0.7051      1.0576          0.4867   0.4406     0.4284 0.0956 0.1760 0.1903 0.0104 0.0107 120.0000 0.1493 0.0988 0.1933      1.0576
0.1000    0.3566  0.7133      1.0699          0.4925   0.4733     0.4443 0.1392 0.2000 0.1912 0.0102 0.0089 120.0000 0.1498 0.1003 0.2002      1.0699
0.1110    0.4389  0.8778      1.3167          0.6251   0.5315     0.6212 0.2174 0.1782 0.1917 0.0090 0.0130 100.0000 0.1502 0.1013 0.2049      1.3164
0.1250    0.4656  0.9313      1.3969          0.8451   0.6711     0.6743 0.4280 0.1780 0.1925 0.0288 0.0239 120.0000 0.1507 0.1027 0.2120      1.3966
0.1430    0.3842  0.7685      1.1527          0.5276   0.5305     0.5011 0.1743 0.1936 0.1936 0.0112 0.0066 120.0000 0.1514 0.1049 0.2233      1.1526
0.2000    0.6545  1.3090      1.9635          0.8268   0.8411     0.8737 0.6490 0.2345 0.1970 0.0370 0.0300 120.0000 0.1545 0.1146 0.2846      1.9627
ζ = 0.1
   rho  G_einzel  G_paar  G_synchron  G_zweiergruppe  G_pilot  G_schnitt     dG  dG_bl  dG_k3     SL     SR     peak     D1     D2     D3  X_synchron
0.0500    0.3342  0.6683      1.0025          0.4612   0.4332     0.4221 0.1545 0.1680 0.1893 0.0156 0.0154 120.0000 0.1487 0.0973 0.1864      1.0024
0.0800    0.3374  0.6748      1.0122          0.4728   0.4496     0.4394 0.1489 0.1761 0.1903 0.0141 0.0141 120.0000 0.1493 0.0988 0.1933      1.0119
0.1000    0.3428  0.6856      1.0283          0.4791   0.4651     0.4476 0.1488 0.2003 0.1912 0.0135 0.0124 120.0000 0.1498 0.1003 0.2001      1.0278
0.1110    0.3424  0.6848      1.0272          0.5060   0.4733     0.4717 0.1562 0.1782 0.1917 0.0129 0.0140 120.0000 0.1502 0.1013 0.2048      1.0265
0.1250    0.3515  0.7030      1.0545          0.5315   0.4689     0.4812 0.1969 0.1781 0.1925 0.0146 0.0138 120.0000 0.1507 0.1027 0.2118      1.0531
0.1430    0.3563  0.7127      1.0690          0.5128   0.4939     0.4849 0.1617 0.1936 0.1936 0.0124 0.0104 120.0000 0.1514 0.1048 0.2229      1.0677
0.2000    0.3931  0.7862      1.1794          0.5679   0.5022     0.5208 0.2470 0.2347 0.1975 0.0152 0.0141 120.0000 0.1545 0.1145 0.2818      1.1751
