=== Eigenfrequenzen im Dauerkontakt (R_c = 100 mm; ρ_f Rahmen-Trägheitsradius) ===
Fall          μ      Geometrie  ρ_f/R_c   f_Hub [Hz]  f_Kipp [Hz] (2×)   f_Kipp/f  2f/f_Kipp  3f/f_Kipp  ζ_Kipp
REF     1.000   G0        0.35       19.741       19.741 ([19.741, 19.741, 19.741])   1.974    1.013     1.520   0.0992
REF     1.000   G60h      0.35       19.741       39.481 ([19.741, 39.481, 39.481])   3.948    0.507     0.760   0.1985
REF     1.000   Z         0.35       19.741     1974074112.496 ([19.741, 1974074112.496, 1974074112.496])  197407411.250    0.000     0.000   9922778.7671
REF     0.462   G0        0.35       19.741       25.618 ([19.741, 25.618, 25.618])   2.562    0.781     1.171   0.1288
REF     0.462   G0        0.50       19.741       23.089 ([19.741, 23.089, 23.089])   2.309    0.866     1.299   0.1161
REF     0.462   G0        0.70       19.741       19.848 ([19.741, 19.848, 19.848])   1.985    1.008     1.512   0.0998
REF     0.462   G60h      0.35       19.741       39.696 ([19.741, 39.696, 39.696])   3.970    0.504     0.756   0.1995
REF     0.462   G60h      0.50       19.741       31.836 ([19.741, 31.836, 31.836])   3.184    0.628     0.942   0.1600
REF     0.462   G60h      0.70       19.741       24.623 ([19.741, 24.623, 24.623])   2.462    0.812     1.218   0.1238
REF     0.462   Z         0.35       19.741       54.374 ([19.741, 54.374, 54.374])   5.437    0.368     0.552   0.2733
REF     0.462   Z         0.50       19.741       38.062 ([19.741, 38.062, 38.062])   3.806    0.525     0.788   0.1913
REF     0.462   Z         0.70       19.741       27.187 ([19.741, 27.187, 27.187])   2.719    0.736     1.103   0.1367
STEIF   0.462   G0        0.35      120.000      155.725 ([120.0, 155.725, 155.725])  15.572    0.128     0.193   0.0260
STEIF   0.462   G0        0.50      120.000      140.353 ([120.0, 140.353, 140.353])  14.035    0.142     0.214   0.0234
STEIF   0.462   G0        0.70      120.000      120.651 ([120.0, 120.651, 120.651])  12.065    0.166     0.249   0.0201
STEIF   0.462   G60h      0.35      120.000      241.302 ([120.0, 241.302, 241.302])  24.130    0.083     0.124   0.0402
STEIF   0.462   G60h      0.50      120.000      193.523 ([120.0, 193.523, 193.523])  19.352    0.103     0.155   0.0323
STEIF   0.462   G60h      0.70      120.000      149.680 ([120.0, 149.68, 149.68])  14.968    0.134     0.200   0.0249
STEIF   0.462   Z         0.35      120.000      330.527 ([120.0, 330.527, 330.527])  33.053    0.061     0.091   0.0551
STEIF   0.462   Z         0.50      120.000      231.369 ([120.0, 231.369, 231.369])  23.137    0.086     0.130   0.0386
STEIF   0.462   Z         0.70      120.000      165.264 ([120.0, 165.264, 165.264])  16.526    0.121     0.182   0.0275
STEIF   1.000   G0        0.35      120.000      120.000 ([120.0, 120.0, 120.0])  12.000    0.167     0.250   0.0200
STEIF   1.000   G60h      0.35      120.000      240.000 ([120.0, 240.0, 240.0])  24.000    0.083     0.125   0.0400
STEIF   1.000   Z         0.35      120.000     12000000182.235 ([120.0, 12000000182.235, 12000000182.235])  1200000018.224    0.000     0.000   2000000.0000

Analytisch: f_Kipp = f_Hub·R_c/(√2·ρ), J = M·ρ²; bei μ = 1 und Modulen auf R_m = R_c gilt ρ = R_c/√2 → f_Kipp = f_Hub.

=== Reduzierter Hub für die synchrone Phasung S (0°,0°): größter Hubfaktor mit Zellreserve ≥ 25 % ===
REF    μ=1.000: G0: 0.189  G60: 0.189  G0h: 0.189  G60h: 0.189  Z: 0.189
REF    μ=0.462: G0: 0.409  G60: 0.409  G0h: 0.409  G60h: 0.409  Z: 0.409
STEIF  μ=0.462: G0: 1.178  G60: 1.178  G0h: 1.178  G60h: 1.178  Z: 1.178
STEIF  μ=1.000: G0: 0.544  G60: 0.544  G0h: 0.544  G60h: 0.544  Z: 0.544
STARR  μ=1.000: G0: 0.630  G60: 0.630  G0h: 0.630  G60h: 0.630  Z: 0.630
STARR  μ=0.462: G0: 1.363  G60: 1.363  G0h: 1.363  G60h: 1.363  Z: 1.363
STARR  μ=0.400: G0: 1.575  G60: 1.575  G0h: 1.575  G60h: 1.575  Z: 1.575
→ verwendet: h_S = 0.15 (reicht für alle Fälle/Geometrien, s. o.)

=== Hubgrenzen für T und Z (Zellreserve ≥ 25 %) ===
REF    μ=1.000 T: G0: 0.189  G60: 0.186  G0h: 0.951  G60h: 0.569  Z: 4.572
REF    μ=1.000 Z: G0: 0.189  G60: 0.175  G0h: 0.695  G60h: 0.485  Z: 1.453
REF    μ=0.462 T: G0: 0.681  G60: 0.461  G0h: 2.080  G60h: 1.172  Z: 9.895
REF    μ=0.462 Z: G0: 0.618  G60: 0.445  G0h: 1.518  G60h: 1.036  Z: 3.145
STEIF  μ=0.462 T: G0: 1.250  G60: 0.750  G0h: 1.729  G60h: 1.572  Z: 3.333
STEIF  μ=0.462 Z: G0: 1.227  G60: 0.781  G0h: 1.767  G60h: 1.619  Z: 3.212
STEIF  μ=1.000 T: G0: 0.544  G60: 0.370  G0h: 0.780  G60h: 0.729  Z: 1.540
STEIF  μ=1.000 Z: G0: 0.544  G60: 0.350  G0h: 0.805  G60h: 0.758  Z: 1.484
STARR  μ=1.000 T: G0: 0.630  G60: 0.408  G0h: 1.015  G60h: 0.909  Z: 2.616
STARR  μ=1.000 Z: G0: 0.630  G60: 0.393  G0h: 0.933  G60h: 0.852  Z: 1.795
STARR  μ=0.462 T: G0: 1.363  G60: 0.884  G0h: 2.198  G60h: 1.968  Z: 5.662
STARR  μ=0.462 Z: G0: 1.363  G60: 0.850  G0h: 2.020  G60h: 1.844  Z: 3.885
STARR  μ=0.400 T: G0: 1.575  G60: 1.021  G0h: 2.538  G60h: 2.273  Z: 6.540
STARR  μ=0.400 Z: G0: 1.575  G60: 0.982  G0h: 2.333  G60h: 2.129  Z: 4.487

=== Kernzahlen (linear, alle Zellen bilateral; Fz = Zellkraft, Werte in N bzw. N·m) ===
 fall     mu  geo cfg    hub  N_min   N_pp  Fz_min  Fz_min_rel  Nsum3_min_rel  Fz_max   Fz_pp  M_min  M_mean  M_max
  REF 1.0000   G0   T 1.0000 5.3304 2.1615 -6.3081     -2.9678         0.8359 11.2217 17.5299 0.1588  0.9450 1.4568
  REF 1.0000   G0   Z 1.0000 3.0846 6.1487 -6.3081     -2.9678         0.4838 11.2217 17.5299 0.0394  0.9405 1.5025
  REF 1.0000   G0   S 0.1500 2.5814 7.8884  0.8605      0.4048         0.4048  3.4899  2.6295 0.0000  0.0000 0.0000
  REF 1.0000  G60   T 1.0000 5.3304 2.1615 -6.4399     -3.0298         0.8359 10.5728 17.0127 0.1588  0.9450 1.4568
  REF 1.0000  G60   Z 1.0000 3.0846 6.1487 -7.0022     -3.2944         0.4838 11.2080 18.2102 0.0394  0.9405 1.5025
  REF 1.0000  G60   S 0.1500 2.5814 7.8884  0.8605      0.4048         0.4048  3.4899  2.6295 0.0000  0.0000 0.0000
  REF 1.0000  G0h   T 1.0000 5.3304 2.1615  0.4487      0.2111         0.8359  4.3839  3.9353 0.1475  0.2699 0.3744
  REF 1.0000  G0h   Z 1.0000 3.0846 6.1487 -0.1675     -0.0788         0.4838  4.9749  4.8305 0.1330  0.2691 0.3805
  REF 1.0000  G0h   S 0.1500 2.5814 7.8884  0.8605      0.4048         0.4048  3.4899  2.6295 0.0000  0.0000 0.0000
  REF 1.0000 G60h   T 1.0000 5.3304 2.1615 -0.6751     -0.3176         0.8359  3.6916  4.3666 0.1475  0.2699 0.3744
  REF 1.0000 G60h   Z 1.0000 3.0846 6.1487 -1.1634     -0.5474         0.4838  4.2750  4.9897 0.1330  0.2691 0.3805
  REF 1.0000 G60h   S 0.1500 2.5814 7.8884  0.8605      0.4048         0.4048  3.4899  2.6295 0.0000  0.0000 0.0000
  REF 1.0000    Z   T 1.0000 5.3304 2.1615  1.7768      0.8359         0.8359  2.4973  0.7205 0.0000  0.0000 0.0000
  REF 1.0000    Z   Z 1.0000 3.0846 6.1487  1.0282      0.4838         0.4838  3.0778  2.0496 0.0000  0.0000 0.0000
  REF 1.0000    Z   S 0.1500 2.5814 7.8884  0.8605      0.4048         0.4048  3.4899  2.6295 0.0000  0.0000 0.0000
  REF 0.4620   G0   T 1.0000 5.8932 0.9986 -0.2168     -0.1020         0.9242  5.4342  5.6511 0.0410  0.3295 0.5105
  REF 0.4620   G0   Z 1.0000 4.8557 2.8407 -0.4520     -0.2127         0.7615  5.7178  6.1698 0.0122  0.3292 0.5230
  REF 0.4620   G0   S 0.1500 4.6231 3.6445  1.5410      0.7250         0.7250  2.7559  1.2148 0.0000  0.0000 0.0000
  REF 0.4620  G60   T 1.0000 5.8932 0.9986 -1.3344     -0.6278         0.9242  4.1784  5.5128 0.0410  0.3295 0.5105
  REF 0.4620  G60   Z 1.0000 4.8557 2.8407 -1.4589     -0.6864         0.7615  4.5762  6.0351 0.0122  0.3292 0.5230
  REF 0.4620  G60   S 0.1500 4.6231 3.6445  1.5410      0.7250         0.7250  2.7559  1.2148 0.0000  0.0000 0.0000
  REF 0.4620  G0h   T 1.0000 5.8932 0.9986  1.3590      0.6394         0.9242  3.2514  1.8924 0.0679  0.1320 0.1834
  REF 0.4620  G0h   Z 1.0000 4.8557 2.8407  1.0755      0.5060         0.7615  3.5826  2.4092 0.0529  0.1318 0.1965
  REF 0.4620  G0h   S 0.1500 4.6231 3.6445  1.5410      0.7250         0.7250  2.7559  1.2148 0.0000  0.0000 0.0000
  REF 0.4620 G60h   T 1.0000 5.8932 0.9986  0.7658      0.3603         0.9242  2.8112  2.0454 0.0679  0.1320 0.1834
  REF 0.4620 G60h   Z 1.0000 4.8557 2.8407  0.5870      0.2762         0.7615  3.1570  2.3277 0.0529  0.1318 0.1965
  REF 0.4620 G60h   S 0.1500 4.6231 3.6445  1.5410      0.7250         0.7250  2.7559  1.2148 0.0000  0.0000 0.0000
  REF 0.4620    Z   T 1.0000 5.8932 0.9986  1.9644      0.9242         0.9242  2.2973  0.3329 0.0000  0.0000 0.0000
  REF 0.4620    Z   Z 1.0000 4.8557 2.8407  1.6186      0.7615         0.7615  2.5655  0.9469 0.0000  0.0000 0.0000
  REF 0.4620    Z   S 0.1500 4.6231 3.6445  1.5410      0.7250         0.7250  2.7559  1.2148 0.0000  0.0000 0.0000
STEIF 0.4620   G0   T 1.0000 4.9416 2.5965  0.8498      0.3998         0.7750  4.3597  3.5099 0.1136  0.2322 0.3202
STEIF 0.4620   G0   Z 1.0000 4.8878 2.5766  0.8262      0.3887         0.7665  4.4256  3.5993 0.0999  0.2314 0.3154
STEIF 0.4620   G0   S 0.1500 5.7677 1.6785  1.9226      0.9045         0.9045  2.4821  0.5595 0.0000  0.0000 0.0000
STEIF 0.4620  G60   T 1.0000 4.9416 2.5965  0.0006      0.0003         0.7750  3.6148  3.6142 0.1136  0.2322 0.3202
STEIF 0.4620  G60   Z 1.0000 4.8878 2.5766  0.0856      0.0403         0.7665  3.6100  3.5243 0.0999  0.2314 0.3154
STEIF 0.4620  G60   S 0.1500 5.7677 1.6785  1.9226      0.9045         0.9045  2.4821  0.5595 0.0000  0.0000 0.0000
STEIF 0.4620  G0h   T 1.0000 4.9416 2.5965  1.2033      0.5661         0.7750  3.4923  2.2890 0.0662  0.1155 0.1521
STEIF 0.4620  G0h   Z 1.0000 4.8878 2.5766  1.2233      0.5755         0.7665  3.4572  2.2339 0.0553  0.1152 0.1525
STEIF 0.4620  G0h   S 0.1500 5.7677 1.6785  1.9226      0.9045         0.9045  2.4821  0.5595 0.0000  0.0000 0.0000
STEIF 0.4620 G60h   T 1.0000 4.9416 2.5965  1.1116      0.5230         0.7750  3.0591  1.9474 0.0662  0.1155 0.1521
STEIF 0.4620 G60h   Z 1.0000 4.8878 2.5766  1.1406      0.5366         0.7665  3.0202  1.8796 0.0553  0.1152 0.1525
STEIF 0.4620 G60h   S 0.1500 5.7677 1.6785  1.9226      0.9045         0.9045  2.4821  0.5595 0.0000  0.0000 0.0000
STEIF 0.4620    Z   T 1.0000 4.9416 2.5965  1.6472      0.7750         0.7750  2.5127  0.8655 0.0000  0.0000 0.0000
STEIF 0.4620    Z   Z 1.0000 4.8878 2.5766  1.6293      0.7665         0.7665  2.4881  0.8589 0.0000  0.0000 0.0000
STEIF 0.4620    Z   S 0.1500 5.7677 1.6785  1.9226      0.9045         0.9045  2.4821  0.5595 0.0000  0.0000 0.0000
STEIF 1.0000   G0   T 1.0000 3.2707 5.6200 -0.8030     -0.3778         0.5129  7.2706  8.0737 0.2665  0.5026 0.6532
STEIF 1.0000   G0   Z 1.0000 3.1542 5.5771 -0.8030     -0.3778         0.4947  7.2706  8.0737 0.2031  0.5027 0.7270
STEIF 1.0000   G0   S 0.1500 5.0587 3.6331  1.6862      0.7933         0.7933  2.8973  1.2110 0.0000  0.0000 0.0000
STEIF 1.0000  G60   T 1.0000 3.2707 5.6200 -2.1836     -1.0273         0.5129  5.4173  7.6009 0.2665  0.5026 0.6532
STEIF 1.0000  G60   Z 1.0000 3.1542 5.5771 -2.4326     -1.1445         0.4947  5.4714  7.9041 0.2031  0.5027 0.7270
STEIF 1.0000  G60   S 0.1500 5.0587 3.6331  1.6862      0.7933         0.7933  2.8973  1.2110 0.0000  0.0000 0.0000
STEIF 1.0000  G0h   T 1.0000 3.2707 5.6200  0.0805      0.0379         0.5129  5.1316  5.0511 0.1380  0.2497 0.3257
STEIF 1.0000  G0h   Z 1.0000 3.1542 5.5771  0.1446      0.0680         0.4947  5.0241  4.8795 0.1189  0.2490 0.3318
STEIF 1.0000  G0h   S 0.1500 5.0587 3.6331  1.6862      0.7933         0.7933  2.8973  1.2110 0.0000  0.0000 0.0000
STEIF 1.0000 G60h   T 1.0000 3.2707 5.6200 -0.0615     -0.0289         0.5129  4.1212  4.1827 0.1380  0.2497 0.3257
STEIF 1.0000 G60h   Z 1.0000 3.1542 5.5771  0.0227      0.0107         0.4947  4.0573  4.0347 0.1189  0.2490 0.3318
STEIF 1.0000 G60h   S 0.1500 5.0587 3.6331  1.6862      0.7933         0.7933  2.8973  1.2110 0.0000  0.0000 0.0000
STEIF 1.0000    Z   T 1.0000 3.2707 5.6200  1.0902      0.5129         0.5129  2.9636  1.8733 0.0000  0.0000 0.0000
STEIF 1.0000    Z   Z 1.0000 3.1542 5.5771  1.0514      0.4947         0.4947  2.9104  1.8590 0.0000  0.0000 0.0000
STEIF 1.0000    Z   S 0.1500 5.0587 3.6331  1.6862      0.7933         0.7933  2.8973  1.2110 0.0000  0.0000 0.0000
STARR 1.0000   G0   T 1.0000 4.5483 3.0219 -0.4052     -0.1906         0.7133  6.8253  7.2305 0.2882  0.4984 0.6453
STARR 1.0000   G0   Z 1.0000 3.7121 4.1200 -0.4052     -0.1906         0.5822  6.8253  7.2305 0.2454  0.4969 0.6570
STARR 1.0000   G0   S 0.1500 5.2377 3.2537  1.7459      0.8214         0.8214  2.8305  1.0846 0.0000  0.0000 0.0000
STARR 1.0000  G60   T 1.0000 4.5483 3.0219 -1.7785     -0.8367         0.7133  4.8371  6.6156 0.2882  0.4984 0.6453
STARR 1.0000  G60   Z 1.0000 3.7121 4.1200 -1.9326     -0.9093         0.5822  5.0937  7.0263 0.2454  0.4969 0.6570
STARR 1.0000  G60   S 0.1500 5.2377 3.2537  1.7459      0.8214         0.8214  2.8305  1.0846 0.0000  0.0000 0.0000
STARR 1.0000  G0h   T 1.0000 4.5483 3.0219  0.5555      0.2613         0.7133  4.6744  4.1189 0.1441  0.2492 0.3226
STARR 1.0000  G0h   Z 1.0000 3.7121 4.1200  0.4172      0.1963         0.5822  4.7178  4.3006 0.1227  0.2485 0.3285
STARR 1.0000  G0h   S 0.1500 5.2377 3.2537  1.7459      0.8214         0.8214  2.8305  1.0846 0.0000  0.0000 0.0000
STARR 1.0000 G60h   T 1.0000 4.5483 3.0219  0.3724      0.1752         0.7133  3.6565  3.2840 0.1441  0.2492 0.3226
STARR 1.0000 G60h   Z 1.0000 3.7121 4.1200  0.2540      0.1195         0.5822  3.7998  3.5458 0.1227  0.2485 0.3285
STARR 1.0000 G60h   S 0.1500 5.2377 3.2537  1.7459      0.8214         0.8214  2.8305  1.0846 0.0000  0.0000 0.0000
STARR 1.0000    Z   T 1.0000 4.5483 3.0219  1.5161      0.7133         0.7133  2.5234  1.0073 0.0000  0.0000 0.0000
STARR 1.0000    Z   Z 1.0000 3.7121 4.1200  1.2374      0.5822         0.5822  2.6107  1.3733 0.0000  0.0000 0.0000
STARR 1.0000    Z   S 0.1500 5.2377 3.2537  1.7459      0.8214         0.8214  2.8305  1.0846 0.0000  0.0000 0.0000
STARR 0.4620   G0   T 1.0000 5.5319 1.3961  0.9563      0.4499         0.8675  4.2968  3.3405 0.1331  0.2303 0.2981
STARR 0.4620   G0   Z 1.0000 5.1455 1.9035  0.9563      0.4499         0.8070  4.2968  3.3405 0.1134  0.2296 0.3035
STARR 0.4620   G0   S 0.1500 5.8504 1.5032  1.9501      0.9175         0.9175  2.4512  0.5011 0.0000  0.0000 0.0000
STARR 0.4620  G60   T 1.0000 5.5319 1.3961  0.3218      0.1514         0.8675  3.3783  3.0564 0.1331  0.2303 0.2981
STARR 0.4620  G60   Z 1.0000 5.1455 1.9035  0.2506      0.1179         0.8070  3.4968  3.2462 0.1134  0.2296 0.3035
STARR 0.4620  G60   S 0.1500 5.8504 1.5032  1.9501      0.9175         0.9175  2.4512  0.5011 0.0000  0.0000 0.0000
STARR 0.4620  G0h   T 1.0000 5.5319 1.3961  1.4001      0.6587         0.8675  3.3031  1.9029 0.0666  0.1151 0.1491
STARR 0.4620  G0h   Z 1.0000 5.1455 1.9035  1.3362      0.6287         0.8070  3.3231  1.9869 0.0567  0.1148 0.1518
STARR 0.4620  G0h   S 0.1500 5.8504 1.5032  1.9501      0.9175         0.9175  2.4512  0.5011 0.0000  0.0000 0.0000
STARR 0.4620 G60h   T 1.0000 5.5319 1.3961  1.3156      0.6190         0.8675  2.8328  1.5172 0.0666  0.1151 0.1491
STARR 0.4620 G60h   Z 1.0000 5.1455 1.9035  1.2609      0.5932         0.8070  2.8990  1.6382 0.0567  0.1148 0.1518
STARR 0.4620 G60h   S 0.1500 5.8504 1.5032  1.9501      0.9175         0.9175  2.4512  0.5011 0.0000  0.0000 0.0000
STARR 0.4620    Z   T 1.0000 5.5319 1.3961  1.8440      0.8675         0.8675  2.3093  0.4654 0.0000  0.0000 0.0000
STARR 0.4620    Z   Z 1.0000 5.1455 1.9035  1.7152      0.8070         0.8070  2.3497  0.6345 0.0000  0.0000 0.0000
STARR 0.4620    Z   S 0.1500 5.8504 1.5032  1.9501      0.9175         0.9175  2.4512  0.5011 0.0000  0.0000 0.0000
STARR 0.4000   G0   T 1.0000 5.6452 1.2088  1.1132      0.5238         0.8853  4.0054  2.8922 0.1153  0.1994 0.2581
STARR 0.4000   G0   Z 1.0000 5.3107 1.6480  1.1132      0.5238         0.8329  4.0054  2.8922 0.0982  0.1988 0.2628
STARR 0.4000   G0   S 0.1500 5.9210 1.3015  1.9737      0.9286         0.9286  2.4075  0.4338 0.0000  0.0000 0.0000
STARR 0.4000  G60   T 1.0000 5.6452 1.2088  0.5639      0.2653         0.8853  3.2101  2.6462 0.1153  0.1994 0.2581
STARR 0.4000  G60   Z 1.0000 5.3107 1.6480  0.5022      0.2363         0.8329  3.3128  2.8105 0.0982  0.1988 0.2628
STARR 0.4000  G60   S 0.1500 5.9210 1.3015  1.9737      0.9286         0.9286  2.4075  0.4338 0.0000  0.0000 0.0000
STARR 0.4000  G0h   T 1.0000 5.6452 1.2088  1.4975      0.7045         0.8853  3.1450  1.6476 0.0576  0.0997 0.1291
STARR 0.4000  G0h   Z 1.0000 5.3107 1.6480  1.4422      0.6785         0.8329  3.1624  1.7202 0.0491  0.0994 0.1314
STARR 0.4000  G0h   S 0.1500 5.9210 1.3015  1.9737      0.9286         0.9286  2.4075  0.4338 0.0000  0.0000 0.0000
STARR 0.4000 G60h   T 1.0000 5.6452 1.2088  1.4243      0.6701         0.8853  2.7379  1.3136 0.0576  0.0997 0.1291
STARR 0.4000 G60h   Z 1.0000 5.3107 1.6480  1.3769      0.6478         0.8329  2.7952  1.4183 0.0491  0.0994 0.1314
STARR 0.4000 G60h   S 0.1500 5.9210 1.3015  1.9737      0.9286         0.9286  2.4075  0.4338 0.0000  0.0000 0.0000
STARR 0.4000    Z   T 1.0000 5.6452 1.2088  1.8817      0.8853         0.8853  2.2847  0.4029 0.0000  0.0000 0.0000
STARR 0.4000    Z   Z 1.0000 5.3107 1.6480  1.7702      0.8329         0.8329  2.3196  0.5493 0.0000  0.0000 0.0000
STARR 0.4000    Z   S 0.1500 5.9210 1.3015  1.9737      0.9286         0.9286  2.4075  0.4338 0.0000  0.0000 0.0000

=== Harmonische am Triphasik-Punkt T: Summe 2|N_k|, Zelle 1 2|F_k|, Moment R+_k / R−_k ===
 fall     mu  geo     N1     N2     N3     N6   F1_1   F1_2   F1_3    Mp1    Mp4    Mm2    Mm5
  REF 1.0000   G0 0.0000 0.0000 1.0751 0.0367 4.3441 5.3750 0.3584 0.6516 0.0036 0.8062 0.0030
  REF 1.0000  G60 0.0000 0.0000 1.0751 0.0367 4.3441 5.3750 0.3584 0.6516 0.0036 0.8062 0.0030
  REF 1.0000  G0h 0.0000 0.0000 1.0751 0.0367 1.7311 0.7077 0.3584 0.2597 0.0140 0.1062 0.0102
  REF 1.0000 G60h 0.0000 0.0000 1.0751 0.0367 1.7311 0.7077 0.3584 0.2597 0.0140 0.1062 0.0102
  REF 1.0000    Z 0.0000 0.0000 1.0751 0.0367 0.0000 0.0000 0.3584 0.0000 0.0000 0.0000 0.0000
  REF 0.4620   G0 0.0000 0.0000 0.4967 0.0169 1.8391 1.5709 0.1656 0.2759 0.0026 0.2356 0.0020
  REF 0.4620  G60 0.0000 0.0000 0.4967 0.0169 1.8391 1.5709 0.1656 0.2759 0.0026 0.2356 0.0020
  REF 0.4620  G0h 0.0000 0.0000 0.4967 0.0169 0.8300 0.3948 0.1656 0.1245 0.0037 0.0592 0.0024
  REF 0.4620 G60h 0.0000 0.0000 0.4967 0.0169 0.8300 0.3948 0.1656 0.1245 0.0037 0.0592 0.0024
  REF 0.4620    Z 0.0000 0.0000 0.4967 0.0169 0.0000 0.0000 0.1656 0.0000 0.0000 0.0000 0.0000
STEIF 0.4620   G0 0.0000 0.0000 0.6816 0.1597 1.5056 0.5039 0.2272 0.2258 0.0053 0.0756 0.0076
STEIF 0.4620  G60 0.0000 0.0000 0.6816 0.1597 1.5056 0.5039 0.2272 0.2258 0.0053 0.0756 0.0076
STEIF 0.4620  G0h 0.0000 0.0000 0.6816 0.1597 0.7510 0.2495 0.2272 0.1127 0.0025 0.0374 0.0036
STEIF 0.4620 G60h 0.0000 0.0000 0.6816 0.1597 0.7510 0.2495 0.2272 0.1127 0.0025 0.0374 0.0036
STEIF 0.4620    Z 0.0000 0.0000 0.6816 0.1597 0.0000 0.0000 0.2272 0.0000 0.0000 0.0000 0.0000
STEIF 1.0000   G0 0.0000 0.0000 1.4754 0.3456 3.2651 1.0992 0.4918 0.4898 0.0118 0.1649 0.0174
STEIF 1.0000  G60 0.0000 0.0000 1.4754 0.3456 3.2651 1.0992 0.4918 0.4898 0.0118 0.1649 0.0174
STEIF 1.0000  G0h 0.0000 0.0000 1.4754 0.3456 1.6240 0.5380 0.4918 0.2436 0.0054 0.0807 0.0075
STEIF 1.0000 G60h 0.0000 0.0000 1.4754 0.3456 1.6240 0.5380 0.4918 0.2436 0.0054 0.0807 0.0075
STEIF 1.0000    Z 0.0000 0.0000 1.4754 0.3456 0.0000 0.0000 0.4918 0.0000 0.0000 0.0000 0.0000
STARR 1.0000   G0 0.0000 0.0000 1.3832 0.2593 3.2424 1.0686 0.4611 0.4864 0.0105 0.1603 0.0144
STARR 1.0000  G60 0.0000 0.0000 1.3832 0.2593 3.2424 1.0686 0.4611 0.4864 0.0105 0.1603 0.0144
STARR 1.0000  G0h 0.0000 0.0000 1.3832 0.2593 1.6212 0.5343 0.4611 0.2432 0.0052 0.0801 0.0072
STARR 1.0000 G60h 0.0000 0.0000 1.3832 0.2593 1.6212 0.5343 0.4611 0.2432 0.0052 0.0801 0.0072
STARR 1.0000    Z 0.0000 0.0000 1.3832 0.2593 0.0000 0.0000 0.4611 0.0000 0.0000 0.0000 0.0000
STARR 0.4620   G0 0.0000 0.0000 0.6390 0.1198 1.4980 0.4937 0.2130 0.2247 0.0048 0.0741 0.0066
STARR 0.4620  G60 0.0000 0.0000 0.6390 0.1198 1.4980 0.4937 0.2130 0.2247 0.0048 0.0741 0.0066
STARR 0.4620  G0h 0.0000 0.0000 0.6390 0.1198 0.7490 0.2469 0.2130 0.1123 0.0024 0.0370 0.0033
STARR 0.4620 G60h 0.0000 0.0000 0.6390 0.1198 0.7490 0.2469 0.2130 0.1123 0.0024 0.0370 0.0033
STARR 0.4620    Z 0.0000 0.0000 0.6390 0.1198 0.0000 0.0000 0.2130 0.0000 0.0000 0.0000 0.0000
STARR 0.4000   G0 0.0000 0.0000 0.5533 0.1037 1.2970 0.4274 0.1844 0.1945 0.0042 0.0641 0.0057
STARR 0.4000  G60 0.0000 0.0000 0.5533 0.1037 1.2970 0.4274 0.1844 0.1945 0.0042 0.0641 0.0057
STARR 0.4000  G0h 0.0000 0.0000 0.5533 0.1037 0.6485 0.2137 0.1844 0.0973 0.0021 0.0321 0.0029
STARR 0.4000 G60h 0.0000 0.0000 0.5533 0.1037 0.6485 0.2137 0.1844 0.0973 0.0021 0.0321 0.0029
STARR 0.4000    Z 0.0000 0.0000 0.5533 0.1037 0.0000 0.0000 0.1844 0.0000 0.0000 0.0000 0.0000

=== Harmonische am Zeltschnittpunkt Z (0°,110°,240°) ===
 fall     mu  geo     N1     N2     N3    Mp1    Mp2    Mm1    Mm2
  REF 1.0000   G0 0.7572 1.8667 1.0426 0.6494 0.0933 0.0379 0.7954
  REF 1.0000  G60 0.7572 1.8667 1.0426 0.6494 0.0933 0.0379 0.7954
  REF 1.0000  G0h 0.7572 1.8667 1.0426 0.2588 0.0123 0.0151 0.1047
  REF 1.0000 G60h 0.7572 1.8667 1.0426 0.2588 0.0123 0.0151 0.1047
  REF 1.0000    Z 0.7572 1.8667 1.0426 0.0000 0.0000 0.0000 0.0000
  REF 0.4620   G0 0.3498 0.8624 0.4817 0.2749 0.0273 0.0160 0.2325
  REF 0.4620  G60 0.3498 0.8624 0.4817 0.2749 0.0273 0.0160 0.2325
  REF 0.4620  G0h 0.3498 0.8624 0.4817 0.1241 0.0069 0.0072 0.0584
  REF 0.4620 G60h 0.3498 0.8624 0.4817 0.1241 0.0069 0.0072 0.0584
  REF 0.4620    Z 0.3498 0.8624 0.4817 0.0000 0.0000 0.0000 0.0000
STEIF 0.4620   G0 0.2629 0.1764 0.6610 0.2251 0.0088 0.0131 0.0746
STEIF 0.4620  G60 0.2629 0.1764 0.6610 0.2251 0.0088 0.0131 0.0746
STEIF 0.4620  G0h 0.2629 0.1764 0.6610 0.1123 0.0043 0.0065 0.0369
STEIF 0.4620 G60h 0.2629 0.1764 0.6610 0.1123 0.0043 0.0065 0.0369
STEIF 0.4620    Z 0.2629 0.1764 0.6610 0.0000 0.0000 0.0000 0.0000
STEIF 1.0000   G0 0.5691 0.3817 1.4308 0.4881 0.0191 0.0285 0.1626
STEIF 1.0000  G60 0.5691 0.3817 1.4308 0.4881 0.0191 0.0285 0.1626
STEIF 1.0000  G0h 0.5691 0.3817 1.4308 0.2428 0.0093 0.0142 0.0796
STEIF 1.0000 G60h 0.5691 0.3817 1.4308 0.2428 0.0093 0.0142 0.0796
STEIF 1.0000    Z 0.5691 0.3817 1.4308 0.0000 0.0000 0.0000 0.0000
STARR 1.0000   G0 0.5652 0.3711 1.3414 0.4847 0.0186 0.0283 0.1581
STARR 1.0000  G60 0.5652 0.3711 1.3414 0.4847 0.0186 0.0283 0.1581
STARR 1.0000  G0h 0.5652 0.3711 1.3414 0.2424 0.0093 0.0141 0.0791
STARR 1.0000 G60h 0.5652 0.3711 1.3414 0.2424 0.0093 0.0141 0.0791
STARR 1.0000    Z 0.5652 0.3711 1.3414 0.0000 0.0000 0.0000 0.0000
STARR 0.4620   G0 0.2611 0.1715 0.6197 0.2239 0.0086 0.0131 0.0731
STARR 0.4620  G60 0.2611 0.1715 0.6197 0.2239 0.0086 0.0131 0.0731
STARR 0.4620  G0h 0.2611 0.1715 0.6197 0.1120 0.0043 0.0065 0.0365
STARR 0.4620 G60h 0.2611 0.1715 0.6197 0.1120 0.0043 0.0065 0.0365
STARR 0.4620    Z 0.2611 0.1715 0.6197 0.0000 0.0000 0.0000 0.0000
STARR 0.4000   G0 0.2261 0.1485 0.5365 0.1939 0.0074 0.0113 0.0633
STARR 0.4000  G60 0.2261 0.1485 0.5365 0.1939 0.0074 0.0113 0.0633
STARR 0.4000  G0h 0.2261 0.1485 0.5365 0.0969 0.0037 0.0057 0.0316
STARR 0.4000 G60h 0.2261 0.1485 0.5365 0.0969 0.0037 0.0057 0.0316
STARR 0.4000    Z 0.2261 0.1485 0.5365 0.0000 0.0000 0.0000 0.0000

=== Synchron S (0°,0°,0°), Hub 0,15: Moment ===
 fall    mu  geo  N_pp  Fz_pp     M_max  Fz_min_rel  Nsum3_min_rel
  REF     1   G0 7.888  2.629 2.371e-16      0.4048         0.4048
  REF     1  G60 7.888  2.629 3.788e-16      0.4048         0.4048
  REF     1  G0h 7.888  2.629 1.241e-16      0.4048         0.4048
  REF     1 G60h 7.888  2.629 2.289e-16      0.4048         0.4048
  REF     1    Z 7.888  2.629 1.241e-16      0.4048         0.4048
  REF 0.462   G0 3.644  1.215 1.001e-16       0.725          0.725
  REF 0.462  G60 3.644  1.215 2.021e-16       0.725          0.725
  REF 0.462  G0h 3.644  1.215 8.777e-17       0.725          0.725
  REF 0.462 G60h 3.644  1.215 8.777e-17       0.725          0.725
  REF 0.462    Z 3.644  1.215 8.777e-17       0.725          0.725
STEIF 0.462   G0 1.679 0.5595  9.31e-17      0.9045         0.9045
STEIF 0.462  G60 1.679 0.5595 1.862e-16      0.9045         0.9045
STEIF 0.462  G0h 1.679 0.5595 6.939e-17      0.9045         0.9045
STEIF 0.462 G60h 1.679 0.5595 6.939e-17      0.9045         0.9045
STEIF 0.462    Z 1.679 0.5595 6.939e-17      0.9045         0.9045
STEIF     1   G0 3.633  1.211 1.777e-16      0.7933         0.7933
STEIF     1  G60 3.633  1.211 2.513e-16      0.7933         0.7933
STEIF     1  G0h 3.633  1.211  7.85e-17      0.7933         0.7933
STEIF     1 G60h 3.633  1.211 1.862e-16      0.7933         0.7933
STEIF     1    Z 3.633  1.211 8.327e-17      0.7933         0.7933
STARR     1   G0 3.254  1.085 1.618e-16      0.8214         0.8214
STARR     1  G60 3.254  1.085 1.862e-16      0.8214         0.8214
STARR     1  G0h 3.254  1.085 8.327e-17      0.8214         0.8214
STARR     1 G60h 3.254  1.085 1.755e-16      0.8214         0.8214
STARR     1    Z 3.254  1.085 8.327e-17      0.8214         0.8214
STARR 0.462   G0 1.503 0.5011 8.442e-17      0.9175         0.9175
STARR 0.462  G60 1.503 0.5011 1.777e-16      0.9175         0.9175
STARR 0.462  G0h 1.503 0.5011 8.777e-17      0.9175         0.9175
STARR 0.462 G60h 1.503 0.5011 6.939e-17      0.9175         0.9175
STARR 0.462    Z 1.503 0.5011 6.939e-17      0.9175         0.9175
STARR   0.4   G0 1.301 0.4338 8.777e-17      0.9286         0.9286
STARR   0.4  G60 1.301 0.4338 1.888e-16      0.9286         0.9286
STARR   0.4  G0h 1.301 0.4338 6.939e-17      0.9286         0.9286
STARR   0.4 G60h 1.301 0.4338 6.939e-17      0.9286         0.9286
STARR   0.4    Z 1.301 0.4338 6.939e-17      0.9286         0.9286
