=== Gruppe REF: K = 10000 N/m, C = 16.000 N·s/m; Zellreserve-Bezug F_stat = 2.1255 N ===
    mu  geo cfg     start  lin_Fz_min  Fz_min  lam_zelle_max  lam_zelle_mittel  lam_sum  lin_N_min  N_min   N_max  N_mean  lin_N_skew  N_skew  periodizitaet
1.0000   G0   T  standard     -6.3081  0.0000        75.7875           75.7863  56.4415     5.3304 0.0000 24.9666  6.3765      0.0668  1.0306        13.7057
1.0000   G0   Z  standard     -6.3081  0.0000        75.7875           75.7862  37.0520     3.0846 0.0000 24.9583  6.3765     -0.3846  0.8343        13.7076
1.0000   G0   S  standard      0.8605  0.8605         0.0000            0.0000   0.0000     2.5814 2.5814 10.4698  6.3765      0.1427  0.1427         0.0000
1.0000  G0h   T  standard      0.4487  0.4487         0.0000            0.0000   0.0000     5.3304 5.3304  7.4919  6.3765      0.0668  0.0668         0.0000
1.0000 G60h   T  standard     -0.6751  0.0000        22.3500           22.3333   0.0000     5.3304 5.4067  7.3776  6.3766      0.0668  0.0984         0.0000
0.4620   G0   T  standard     -0.2168  0.0000        11.9500           11.9333   0.0000     5.8932 5.9641  6.7300  6.3765      0.0668  0.0219         0.0000
0.4620   G0   Z  standard     -0.4520  0.0000        17.2500           12.5000   0.0000     4.8557 5.2108  6.9831  6.3766     -0.3846 -0.9976         0.0000
0.4620 G60h   T  standard      0.7658  0.7658         0.0000            0.0000   0.0000     5.8932 5.8932  6.8918  6.3765      0.0668  0.0668         0.0000
0.4620   G0   S  standard      1.5410  1.5410         0.0000            0.0000   0.0000     4.6231 4.6231  8.2676  6.3765      0.1427  0.1427         0.0000
1.0000   G0   T lin_orbit     -6.3081  0.0000        75.7900           75.7875  37.0590     5.3304 0.0000 24.9641  6.3764      0.0668  0.8342        13.7055
1.0000   G0   Z lin_orbit     -6.3081  0.0000        75.7910           75.7895  37.0625     3.0846 0.0000 24.9658  6.3764     -0.3846  0.8341        13.7074
1.0000 G60h   T lin_orbit     -0.6751  0.0000        22.3500           22.3333   0.0000     5.3304 5.4067  7.3776  6.3766      0.0668  0.0984         0.0000
0.4620   G0   T lin_orbit     -0.2168  0.0000        11.9500           11.9333   0.0000     5.8932 5.9641  6.7300  6.3765      0.0668  0.0219         0.0000
0.4620   G0   Z lin_orbit     -0.4520  0.0000        17.2500           12.5000   0.0000     4.8557 5.2108  6.9831  6.3766     -0.3846 -0.9976         0.0000

    mu  geo cfg     start  M_min  M_mean  M_max  Mx_mean  My_mean    Rp1    Rm1    Rp2    Rm2     N1     N2     N3  Fz_mean_max_abw
1.0000   G0   T  standard 0.0000  0.3857 1.2548   0.0000   0.0000 0.3789 0.0000 0.0000 0.1060 0.0001 0.0002 6.3093           0.0000
1.0000   G0   Z  standard 0.0000  0.5537 1.3710   0.0000   0.0000 0.3776 0.0220 0.0122 0.1045 0.4410 0.2465 6.1185           0.0000
1.0000   G0   S  standard 0.0000  0.0000 0.0000   0.0000   0.0000 0.0000 0.0000 0.0000 0.0000 1.9548 2.4187 0.1613           0.0000
1.0000  G0h   T  standard 0.1475  0.2699 0.3744   0.0000  -0.0000 0.2597 0.0000 0.0000 0.1062 0.0000 0.0000 1.0751           0.0000
1.0000 G60h   T  standard 0.1528  0.2900 0.3701  -0.0000  -0.0000 0.2626 0.0000 0.0000 0.1180 0.0002 0.0007 0.8514           0.0001
0.4620   G0   T  standard 0.0297  0.3338 0.5192   0.0000  -0.0000 0.2768 0.0000 0.0000 0.2420 0.0001 0.0004 0.2792           0.0000
0.4620   G0   Z  standard 0.0081  0.3352 0.5422   0.0000   0.0000 0.2762 0.0171 0.0169 0.2422 0.3873 0.3551 0.1886           0.0000
0.4620 G60h   T  standard 0.0679  0.1320 0.1834   0.0000  -0.0000 0.1245 0.0000 0.0000 0.0592 0.0000 0.0000 0.4967           0.0000
0.4620   G0   S  standard 0.0000  0.0000 0.0000   0.0000   0.0000 0.0000 0.0000 0.0000 0.0000 0.9031 1.1175 0.0745           0.0000
1.0000   G0   T lin_orbit 0.0000  0.5536 1.3709  -0.0000  -0.0000 0.3789 0.0000 0.0001 0.1060 0.0009 0.0019 6.3095           0.0001
1.0000   G0   Z lin_orbit 0.0000  0.5537 1.3708  -0.0000  -0.0000 0.3777 0.0220 0.0123 0.1045 0.4401 0.2447 6.1182           0.0001
1.0000 G60h   T lin_orbit 0.1528  0.2900 0.3701  -0.0000  -0.0000 0.2626 0.0000 0.0000 0.1180 0.0002 0.0007 0.8514           0.0001
0.4620   G0   T lin_orbit 0.0297  0.3338 0.5192   0.0000  -0.0000 0.2768 0.0000 0.0000 0.2420 0.0001 0.0004 0.2792           0.0000
0.4620   G0   Z lin_orbit 0.0081  0.3352 0.5422   0.0000   0.0000 0.2762 0.0171 0.0169 0.2422 0.3873 0.3551 0.1886           0.0000
