 phi2    phi3   Abstaende            lambda/%   F_min/N   Schiefe   F_max/N  dv(5-15s)/(m/s)
 330.6  242.9  (242.9, 87.7, 29.4)    43.843    0.0000    0.7072    22.153  +1.14e-04
 204.4  250.8  (204.4, 46.4,109.2)    28.850    0.0000    0.8611    20.513  +1.09e-09
 316.9  255.6  (255.6, 61.3, 43.1)    75.980    0.0000    1.7062    39.707  -2.98e-04
 190.3  248.4  (190.3, 58.1,111.6)    28.550    0.0000    0.7125    19.327  +1.37e-14
  98.1  333.7  ( 98.1,235.6, 26.3)    75.606    0.0000    1.6885    39.250  -1.63e-04
  67.6  313.8  ( 67.6,246.2, 46.2)    75.875    0.0000    1.7009    39.567  -2.49e-05
 307.5  279.9  (279.9, 27.6, 52.5)    71.581    0.0000    1.9668    50.028  -5.86e-01
 198.2  267.4  (198.2, 69.2, 92.6)    18.200    0.0000    0.7626    18.440  +1.97e-14
 253.9   91.1  ( 91.1,162.8,106.1)    15.750    0.0000   -0.0817    13.581  +1.27e-14
  38.8  119.7  ( 38.8, 80.9,240.3)    75.772    0.0000    1.6961    39.444  -6.66e-05
 258.8   30.8  ( 30.8,228.0,101.2)    75.611    0.0000    1.6860    39.194  +1.37e-04
 170.6  231.9  (170.6, 61.3,128.1)    21.300    0.0000    0.4717    17.499  +4.42e-15
 173.4  206.0  (173.4, 32.6,154.0)    27.191    0.0000    0.4721    19.930  +1.08e-05
  32.4  105.4  ( 32.4, 73.0,254.6)    75.948    0.0000    1.7047    39.669  -7.43e-05
 157.3  264.0  (157.3,106.7, 96.0)    12.400    0.0000   -0.1686    12.983  +1.39e-14
 300.5  211.6  (211.6, 88.9, 59.5)    27.548    0.0000    0.4936    17.685  -2.73e-03
  42.8   73.9  ( 42.8, 31.1,286.1)    76.225    0.0000    1.7202    40.146  +1.34e-03
 225.9  144.8  (144.8, 81.1,134.1)    14.050    0.0000    0.1010    14.240  -1.74e-14
 151.9   44.9  ( 44.9,107.0,208.1)    28.650    0.0000    0.8891    20.739  +1.16e-09
 161.3  338.0  (161.3,176.7, 22.0)    31.250    0.0000    0.6213    21.540  +2.33e-12
