
=== Modus shift, Fenster W1 5-15 s: max. Abweichung der 6 S3-Bilder vom Basispunkt ===
Basis  (phi2,  phi3)    lambda/%  Schiefe   |dF_mean|/N  |dF_RK4|/N  |dSchiefe|  |dlambda|/%-Pkt  |dF_min|/N  |dF_max|/N  max d|N_k|/N  Phasenregel/Grad  max|dv_S|/(m/s)
K1   (110.0,234.0)     0.000  -0.1802  1.60e-14    2.49e-14   4.62e-13   0.00e+00        2.77e-13   1.26e-13   1.58e-13     1.25e-11         5.58e-15
K2   (128.0,246.0)     0.000  -0.3478  3.55e-15    2.31e-14   1.29e-12   0.00e+00        2.78e-13   2.15e-13   6.95e-14     1.25e-11         1.32e-14
K3   (114.0,252.0)     0.000  -0.1108  2.93e-14    1.69e-14   3.82e-13   0.00e+00        3.09e-13   2.66e-13   3.47e-13     1.94e-11         1.34e-14
L1   (157.3,264.0)    12.400  -0.1686  3.55e-15    1.87e-14   6.30e-14   0.00e+00        0.00e+00   2.63e-13   9.95e-14     2.79e-11         1.39e-14
L2   (198.2,267.4)    18.200  +0.7626  5.33e-15    5.33e-15   3.56e-14   0.00e+00        0.00e+00   3.91e-13   4.65e-13     2.18e-11         1.98e-14
L3   (204.4,250.8)    28.850  +0.8611  3.55e-15    1.87e-14   1.92e-14   0.00e+00        0.00e+00   1.21e-13   2.14e-13     1.49e-11         1.09e-09
L4   (330.6,242.9)    43.843  +0.7072  4.33e-05    4.38e-05   3.96e-05   4.00e-03        0.00e+00   1.40e-02   2.20e-04     6.42e-02         7.88e-04
L5   ( 98.1,333.7)    75.606  +1.6885  2.74e-04    2.79e-05   4.11e-05   2.50e-03        0.00e+00   1.63e-03   5.67e-04     7.48e-02         2.67e-04
L6   (307.5,279.9)    71.581  +1.9668  1.27e-04    5.39e-05   1.44e-04   3.50e-03        0.00e+00   1.16e-02   3.54e-03     1.55e-01         5.87e-01
Z1   ( 40.0,200.0)    27.023  +0.3212  7.11e-15    8.88e-16   8.93e-14   0.00e+00        0.00e+00   8.17e-13   6.55e-13     6.64e-11         3.20e-08
Z2   ( 80.0,160.0)    20.800  +0.6197  1.15e-14    5.33e-15   4.09e-14   0.00e+00        0.00e+00   1.39e-13   1.10e-13     3.20e-12         3.50e-15

=== Modus shift, Fenster W2 50-60 s: max. Abweichung der 6 S3-Bilder vom Basispunkt ===
Basis  (phi2,  phi3)    lambda/%  Schiefe   |dF_mean|/N  |dF_RK4|/N  |dSchiefe|  |dlambda|/%-Pkt  |dF_min|/N  |dF_max|/N  max d|N_k|/N  Phasenregel/Grad  max|dv_S|/(m/s)
K1   (110.0,234.0)     0.000  -0.1802  2.66e-15    4.44e-15   1.16e-12   0.00e+00        4.38e-12   2.80e-12   5.71e-13     2.26e-10         3.31e-16
K2   (128.0,246.0)     0.000  -0.3478  1.42e-14    7.99e-15   4.41e-13   0.00e+00        1.11e-12   8.78e-13   8.85e-13     6.51e-11         1.94e-15
K3   (114.0,252.0)     0.000  -0.1108  1.78e-15    6.22e-15   1.55e-13   0.00e+00        7.91e-13   9.02e-13   7.55e-13     2.49e-11         1.09e-15
L1   (157.3,264.0)    12.400  -0.1686  3.55e-15    2.22e-14   4.26e-13   0.00e+00        0.00e+00   7.19e-13   6.83e-13     1.34e-10         2.62e-15
L2   (198.2,267.4)    18.200  +0.7626  6.22e-15    7.99e-15   5.04e-14   0.00e+00        0.00e+00   6.25e-13   5.58e-13     3.68e-11         3.32e-15
L3   (204.4,250.8)    28.850  +0.8611  4.44e-15    1.07e-14   2.93e-13   0.00e+00        0.00e+00   1.80e-12   1.64e-12     1.44e-10         4.18e-15
L4   (330.6,242.9)    43.842  +0.7072  6.07e-05    3.46e-05   1.48e-04   5.00e-03        0.00e+00   4.61e-03   7.40e-04     1.32e-01         6.79e-04
L5   ( 98.1,333.7)    75.614  +1.6886  3.85e-04    2.27e-05   5.57e-05   6.00e-03        0.00e+00   2.51e-03   7.34e-04     9.41e-02         2.02e-04
L6   (307.5,279.9)    71.581  +1.9667  1.98e-04    2.13e-04   4.95e-05   2.50e-03        0.00e+00   6.97e-03   1.96e-03     6.31e-02         5.89e-01
Z1   ( 40.0,200.0)    27.023  +0.3212  2.66e-15    2.66e-15   4.14e-13   0.00e+00        0.00e+00   4.76e-12   2.40e-12     2.42e-10         3.73e-15
Z2   ( 80.0,160.0)    20.800  +0.6197  1.42e-14    1.69e-14   4.36e-13   0.00e+00        0.00e+00   2.20e-12   1.68e-12     8.45e-11         3.86e-15

=== Modus std, Fenster W1 5-15 s: max. Abweichung der 6 S3-Bilder vom Basispunkt ===
Basis  (phi2,  phi3)    lambda/%  Schiefe   |dF_mean|/N  |dF_RK4|/N  |dSchiefe|  |dlambda|/%-Pkt  |dF_min|/N  |dF_max|/N  max d|N_k|/N  Phasenregel/Grad  max|dv_S|/(m/s)
K1   (110.0,234.0)     0.000  -0.1802  1.85e-07    1.85e-07   8.27e-07   0.00e+00        2.25e-06   5.96e-06   1.32e-06     3.71e-04         5.56e-15
K2   (128.0,246.0)     0.000  -0.3478  5.55e-07    5.55e-07   5.48e-07   0.00e+00        1.41e-05   1.98e-05   2.67e-06     5.88e-04         4.44e-15
K3   (114.0,252.0)     0.000  -0.1108  2.75e-12    2.13e-13   1.41e-09   0.00e+00        1.17e-05   9.00e-06   1.22e-11     2.21e-06         7.59e-15
L1   (157.3,264.0)    12.400  -0.1686  2.67e-04    1.85e-07   3.57e-04   0.00e+00        0.00e+00   1.17e-03   5.44e-04     6.91e-02         1.39e-14
L2   (198.2,267.4)    18.200  +0.7626  4.10e-04    5.55e-07   1.54e-04   5.00e-02        0.00e+00   1.22e-03   1.52e-03     1.37e-01         1.98e-14
L3   (204.4,250.8)    28.850  +0.8611  6.52e-04    5.55e-07   9.16e-05   5.00e-02        0.00e+00   7.68e-04   1.02e-03     2.16e-01         1.52e-09
L4   (330.6,242.9)    43.843  +0.7072  2.03e-04    9.52e-05   9.89e-01   3.20e+01        0.00e+00   1.73e+01   6.34e+00     1.54e+02         1.36e-03
L5   ( 98.1,333.7)    75.606  +1.6885  3.10e-04    2.66e-05   7.05e-01   5.21e+01        0.00e+00   1.76e+01   6.09e+00     1.68e+02         2.75e-04
L6   (307.5,279.9)    71.581  +1.9668  3.82e-02    3.81e-02   2.49e-01   4.60e+00        0.00e+00   1.00e+01   8.17e+00     1.56e+02         5.86e-01
Z1   ( 40.0,200.0)    27.023  +0.3212  5.44e-04    8.10e-08   7.51e-05   4.75e-02        0.00e+00   1.06e-03   9.76e-04     1.86e-01         1.28e-06
Z2   ( 80.0,160.0)    20.800  +0.6197  4.16e-04    5.55e-07   2.11e-04   0.00e+00        0.00e+00   6.07e-04   6.40e-04     1.28e-01         7.05e-15

=== Modus std, Fenster W2 50-60 s: max. Abweichung der 6 S3-Bilder vom Basispunkt ===
Basis  (phi2,  phi3)    lambda/%  Schiefe   |dF_mean|/N  |dF_RK4|/N  |dSchiefe|  |dlambda|/%-Pkt  |dF_min|/N  |dF_max|/N  max d|N_k|/N  Phasenregel/Grad  max|dv_S|/(m/s)
K1   (110.0,234.0)     0.000  -0.1802  1.85e-07    1.85e-07   8.27e-07   0.00e+00        2.25e-06   5.96e-06   1.32e-06     3.71e-04         1.70e-15
K2   (128.0,246.0)     0.000  -0.3478  5.55e-07    5.55e-07   5.48e-07   0.00e+00        1.41e-05   1.98e-05   2.67e-06     5.88e-04         1.72e-15
K3   (114.0,252.0)     0.000  -0.1108  2.76e-12    2.19e-13   1.41e-09   0.00e+00        1.17e-05   9.00e-06   1.24e-11     2.21e-06         2.21e-15
L1   (157.3,264.0)    12.400  -0.1686  2.67e-04    1.85e-07   3.57e-04   0.00e+00        0.00e+00   1.17e-03   5.44e-04     6.91e-02         2.62e-15
L2   (198.2,267.4)    18.200  +0.7626  4.10e-04    5.55e-07   1.54e-04   5.00e-02        0.00e+00   1.22e-03   1.52e-03     1.37e-01         4.65e-15
L3   (204.4,250.8)    28.850  +0.8611  6.52e-04    5.55e-07   9.16e-05   5.00e-02        0.00e+00   7.68e-04   1.02e-03     2.16e-01         4.18e-15
L4   (330.6,242.9)    43.842  +0.7072  2.38e-04    1.34e-04   9.89e-01   3.20e+01        0.00e+00   1.73e+01   6.34e+00     1.54e+02         2.20e-03
L5   ( 98.1,333.7)    75.614  +1.6886  3.85e-04    2.41e-05   7.05e-01   5.21e+01        0.00e+00   1.76e+01   6.09e+00     1.68e+02         2.20e-04
L6   (307.5,279.9)    71.581  +1.9667  3.82e-02    3.81e-02   2.49e-01   4.60e+00        0.00e+00   1.00e+01   8.17e+00     1.56e+02         5.86e-01
Z1   ( 40.0,200.0)    27.023  +0.3212  5.44e-04    6.71e-08   7.68e-05   4.75e-02        0.00e+00   1.06e-03   9.76e-04     1.86e-01         1.03e-06
Z2   ( 80.0,160.0)    20.800  +0.6197  4.16e-04    5.55e-07   2.11e-04   0.00e+00        0.00e+00   6.07e-04   6.40e-04     1.28e-01         3.82e-15

=== Spiegelung (-phi2,-phi3) und 120-Grad-Bild (phi2+120, phi3+120) gegen Basis, std, Fenster 50-60 s ===
Basis  Bild      (phi2,  phi3)    lambda/%   Schiefe   F_min/N   F_max/N   |N_1|/N  |N_2|/N  |N_3|/N  |N_6|/N   dv_S(50-60s)  |Schiefe(40-50)-Schiefe(50-60)|
K1    id       (110.0,234.0)     0.000  -0.18016   3.9896    8.578   0.6444   1.7054   1.0504   0.0333   +3.3e-16     6.8e-14
K1    mirror   (250.0,126.0)     0.000  -0.26197   3.6896    8.776   0.6444   1.7054   1.0504   0.0333   +1.8e-15     3.3e-14
K1    plus120  (230.0,354.0)    75.504  +1.68000   0.0000   39.043  11.9906   9.9001   7.0031   0.4152   -3.0e-04     4.6e-06
K2    id       (128.0,246.0)     0.000  -0.34783   3.6700    8.784   0.5539   1.3112   1.0582   0.0344   +1.7e-15     7.0e-15
K2    mirror   (232.0,114.0)     0.000  -0.17699   3.7886    8.670   0.5539   1.3112   1.0582   0.0344   +6.4e-16     1.7e-13
K2    plus120  (248.0,  6.0)    75.677  +1.68956   0.0000   39.290  12.0007   9.9339   7.0623   0.3941   +1.2e-05     1.0e-06
K3    id       (114.0,252.0)     0.000  -0.11080   2.0178   10.371   1.2455   2.7023   0.9942   0.0263   +8.8e-16     4.9e-16
K3    mirror   (246.0,108.0)     0.000  -0.34740   1.7756   10.361   1.2455   2.7023   0.9942   0.0263   +2.4e-16     2.1e-14
K3    plus120  (234.0, 12.0)    75.422  +1.67547   0.0000   38.931  11.9860   9.8841   6.9749   0.4258   -1.1e-04     9.5e-06
L1    id       (157.3,264.0)    12.400  -0.16861   0.0000   12.983   2.6967   4.5670   0.5860   0.1416   +2.6e-15     2.0e-14
L1    mirror   (202.7, 96.0)     8.950  +0.08316   0.0000   13.389   2.6583   4.7630   0.6475   0.0745   -1.6e-15     4.1e-15
L1    plus120  (277.3, 24.0)    75.914  +1.70242   0.0000   39.603  12.0132   9.9781   7.1410   0.3713   -1.0e-04     1.1e-05
L2    id       (198.2,267.4)    18.200  +0.76257   0.0000   18.440   5.7698   5.9449   0.8700   0.2155   +3.3e-15     1.6e-15
L2    mirror   (161.8, 92.6)    24.400  +0.41715   0.0000   16.481   5.9722   4.0710   1.4076   0.1080   -3.1e-15     4.5e-15
L2    plus120  (318.2, 27.4)    76.185  +1.71887   0.0000   40.483  11.5446   8.4500   4.7573   0.0960   -2.0e-05     3.6e-05
L3    id       (204.4,250.8)    28.850  +0.86115   0.0000   20.513   6.0505   7.2339   0.7032   0.2182   +3.9e-15     1.6e-15
L3    mirror   (155.6,109.2)    21.250  +0.66422   0.0000   20.674   6.7761   1.0215   1.1562   0.0897   -1.2e-15     3.8e-15
L3    plus120  (324.4, 10.8)    75.987  +1.71167   0.0000   40.918   9.4146   2.2926   3.0659   0.1416   +6.3e-05     5.1e-06
L4    id       (330.6,242.9)    43.842  +0.70716   0.0000   22.151   9.4577   3.6203   1.4958   0.1301   +1.5e-04     1.4e-05
L4    mirror   ( 29.4,117.1)    75.769  +1.69615   0.0000   39.443  12.0065   9.9546   7.0994   0.3771   -3.3e-05     3.0e-05
L4    plus120  ( 90.6,  2.9)    75.993  +1.70735   0.0000   39.732  12.0177   9.9945   7.1706   0.3645   -9.4e-05     5.1e-05
L5    id       ( 98.1,333.7)    75.614  +1.68857   0.0000   39.251  11.9981   9.9263   7.0497   0.3828   -1.5e-04     4.7e-06
L5    mirror   (261.9, 26.3)    75.698  +1.69072   0.0000   39.308  12.0016   9.9377   7.0695   0.3921   +1.8e-04     2.4e-05
L5    plus120  (218.1, 93.7)     0.000  +0.06472   1.0766   12.328   1.7759   4.7180   0.8891   0.0155   -1.5e-15     3.0e-14
L6    id       (307.5,279.9)    71.581  +1.96666   0.0000   50.033   3.8546   8.9303   2.0752   0.3466   -5.9e-01     4.3e-03
L6    mirror   ( 52.5, 80.1)    76.177  +1.71742   0.0000   39.991  12.0275  10.0286   7.2313   0.3548   -1.8e-04     2.6e-05
L6    plus120  ( 67.5, 39.9)    76.171  +1.71814   0.0000   40.563  11.3161   7.7276   3.6849   0.2221   -2.1e-04     7.7e-05
Z1    id       ( 40.0,200.0)    27.023  +0.32124   0.0000   18.541   4.8292   4.1186   1.7277   0.2522   -1.6e-15     1.4e-14
Z1    mirror   (320.0,160.0)    26.975  +0.32132   0.0000   18.540   4.8285   4.1195   1.7273   0.2513   +2.0e-15     8.8e-15
Z1    plus120  (160.0,320.0)    26.975  +0.32132   0.0000   18.540   4.8285   4.1195   1.7273   0.2513   +2.8e-15     4.9e-15
Z2    id       ( 80.0,160.0)    20.800  +0.61971   0.0000   17.110   5.9955   4.6145   0.9523   0.1740   -3.8e-15     1.0e-14
Z2    mirror   (280.0,200.0)    20.800  +0.61969   0.0000   17.110   5.9955   4.6140   0.9521   0.1739   +3.1e-15     6.4e-15
Z2    plus120  (200.0,280.0)    20.800  +0.61969   0.0000   17.110   5.9955   4.6140   0.9521   0.1739   +3.2e-15     5.3e-15

=== Einzelbilder der multistabilen Basispunkte (std, 50-60 s): lambda/% und Schiefe je S3-Bild ===
L4: id (330.6,242.9) lam 43.84 skew +0.707 dv +1.5e-04; (23) (242.9,330.6) lam 43.84 skew +0.707 dv +6.0e-04; (12) (29.4,272.3) lam 43.85 skew +0.707 dv +1.7e-03; (123) (272.3,29.4) lam 43.85 skew +0.707 dv +2.2e-03; (13) (87.7,117.1) lam 75.80 skew +1.697 dv -1.3e-04; (132) (117.1,87.7) lam 75.80 skew +1.697 dv +2.6e-05
L5: id (98.1,333.7) lam 75.61 skew +1.689 dv -1.5e-04; (23) (333.7,98.1) lam 75.61 skew +1.689 dv -1.4e-04; (12) (261.9,235.6) lam 23.50 skew +0.984 dv +4.2e-15; (123) (235.6,261.9) lam 23.50 skew +0.984 dv +4.1e-15; (13) (124.4,26.3) lam 75.61 skew +1.689 dv +2.2e-04; (132) (26.3,124.4) lam 75.61 skew +1.689 dv -2.2e-04
L6: id (307.5,279.9) lam 71.58 skew +1.967 dv -5.9e-01; (23) (279.9,307.5) lam 71.58 skew +1.967 dv -5.8e-01; (12) (52.5,332.4) lam 76.18 skew +1.717 dv -2.5e-04; (123) (332.4,52.5) lam 76.18 skew +1.717 dv +1.0e-04; (13) (27.6,80.1) lam 76.18 skew +1.717 dv +1.8e-04; (132) (80.1,27.6) lam 76.18 skew +1.717 dv +1.5e-04
L4 aequivalent gestartet (alle Bilder): lam 43.84, skew +0.707
L5 aequivalent gestartet (alle Bilder): lam 75.61, skew +1.689
L6 aequivalent gestartet (alle Bilder): lam 71.58, skew +1.967

19x19-Karte: 142 von 361 Punkten (39.3 %) im gesaettigten Huepfband lambda 74-77 %, Schiefe dort 1.658 bis 1.720; lambda > 50 %: 146
